1 9.44228 16.0357 4.65531 1.27 11.75
1 9.44228 16.0357 -17.0144 1.27 31.75
2 9.43356 16.0259 4.65473 1.27469 11.7598
2 9.44228 16.0357 -17.0144 1.27 31.75
3 9.42592 16.0331 4.64731 1.26733 11.7686
3 9.44228 16.0357 -17.0144 1.27 31.75
4 9.4201 16.0383 4.64194 1.26572 11.7758
4 9.44228 16.0357 -17.0144 1.27 31.75
5 9.41271 16.0379 4.64264 1.26032 11.7841
5 9.44228 16.0357 -17.0144 1.27 31.75
6 9.40668 16.0359 4.6448 1.25717 11.7912
6 9.44228 16.0357 -17.0144 1.27 31.75
7 9.39977 16.0334 4.64745 1.2569 11.799
7 9.44228 16.0357 -17.0144 1.27 31.75
8 9.39287 16.0314 4.6496 1.25875 11.8067
8 9.44228 16.0357 -17.0144 1.27 31.75
9 9.38671 16.0306 4.65043 1.26146 11.8141
9 9.44228 16.0357 -17.0144 1.27 31.75
10 9.38132 16.0305 4.65028 1.26545 11.8213
10 9.44228 16.0357 -17.0144 1.27 31.75
11 9.37628 16.0313 4.64928 1.26923 11.8282
11 9.44228 16.0357 -17.0144 1.27 31.75
12 9.3711 16.0328 4.6476 1.27226 11.8353
12 9.44228 16.0357 -17.0144 1.27 31.75
13 9.36556 16.0344 4.64585 1.27372 11.8423
13 9.44228 16.0357 -17.0144 1.27 31.75
14 9.35977 16.0351 4.64521 1.27285 11.8495
14 9.44228 16.0357 -17.0144 1.27 31.75
15 9.35323 16.0347 4.64572 1.27085 11.8569
15 9.44228 16.0357 -17.0144 1.27 31.75
16 9.34736 16.0328 4.64781 1.26747 11.8639
16 9.44228 16.0357 -17.0144 1.27 31.75
17 9.34147 16.031 4.64971 1.26414 11.871
17 9.44228 16.0357 -17.0144 1.27 31.75
18 9.33542 16.0304 4.65035 1.26195 11.8781
18 9.44228 16.0357 -17.0144 1.27 31.75
19 9.32908 16.0315 4.64944 1.2609 11.8853
19 9.44228 16.0357 -17.0144 1.27 31.75
20 9.32257 16.0331 4.64786 1.26112 11.8926
20 9.44228 16.0357 -17.0144 1.27 31.75
21 9.31673 16.0343 4.6466 1.26207 11.8999
21 9.44228 16.0357 -17.0144 1.27 31.75
22 9.3118 16.0342 4.64655 1.26423 11.9069
22 9.44228 16.0357 -17.0144 1.27 31.75
23 9.30688 16.0334 4.64712 1.26697 11.9138
23 9.44228 16.0357 -17.0144 1.27 31.75
24 9.30197 16.0322 4.64807 1.26965 11.9209
24 9.44228 16.0357 -17.0144 1.27 31.75
25 9.29649 16.0315 4.64854 1.27217 11.9283
25 9.44228 16.0357 -17.0144 1.27 31.75
26 9.29174 16.0319 4.64788 1.27409 11.9352
26 9.44228 16.0357 -17.0144 1.27 31.75
27 9.28765 16.0318 4.64766 1.27444 11.9421
27 9.44228 16.0357 -17.0144 1.27 31.75
28 9.28375 16.0322 4.64695 1.27307 11.9489
28 9.44228 16.0357 -17.0144 1.27 31.75
29 9.27901 16.0326 4.64638 1.27031 11.9563
29 9.44228 16.0357 -17.0144 1.27 31.75
30 9.27443 16.0324 4.64633 1.26726 11.9636
30 9.44228 16.0357 -17.0144 1.27 31.75
31 9.26862 16.0325 4.6462 1.26422 11.9717
31 9.44228 16.0357 -17.0144 1.27 31.75
32 9.26283 16.0323 4.64629 1.2618 11.9795
32 9.44228 16.0357 -17.0144 1.27 31.75
33 9.25766 16.0318 4.64661 1.26008 11.9867
33 9.44228 16.0357 -17.0144 1.27 31.75
34 9.25288 16.0315 4.64671 1.25971 11.9937
34 9.44228 16.0357 -17.0144 1.27 31.75
35 9.24846 16.0314 4.6464 1.26149 12.0007
35 9.44228 16.0357 -17.0144 1.27 31.75
36 9.24442 16.0311 4.64622 1.26418 12.0077
36 9.44228 16.0357 -17.0144 1.27 31.75
37 9.23952 16.0308 4.64604 1.26728 12.0153
37 9.44228 16.0357 -17.0144 1.27 31.75
38 9.23447 16.0317 4.64462 1.27149 12.0231
38 9.44228 16.0357 -17.0144 1.27 31.75
39 9.22929 16.0327 4.64315 1.27526 12.0309
39 9.44228 16.0357 -17.0144 1.27 31.75
40 9.22388 16.0327 4.64279 1.27707 12.0386
40 9.44228 16.0357 -17.0144 1.27 31.75
41 9.21815 16.0321 4.64317 1.27679 12.0466
41 9.44228 16.0357 -17.0144 1.27 31.75
42 9.2116 16.0307 4.64444 1.2745 12.0552
42 9.44228 16.0357 -17.0144 1.27 31.75
43 9.2047 16.0299 4.64508 1.27176 12.0639
43 9.44228 16.0357 -17.0144 1.27 31.75
44 9.19743 16.0298 4.64516 1.26872 12.0728
44 9.44228 16.0357 -17.0144 1.27 31.75
45 9.19037 16.0308 4.64419 1.26519 12.0815
45 9.44228 16.0357 -17.0144 1.27 31.75
46 9.18344 16.032 4.64303 1.2619 12.0898
46 9.44228 16.0357 -17.0144 1.27 31.75
47 9.17577 16.0328 4.64232 1.25995 12.0985
47 9.44228 16.0357 -17.0144 1.27 31.75
48 9.16814 16.0329 4.64217 1.25952 12.1072
48 9.44228 16.0357 -17.0144 1.27 31.75
49 9.16113 16.0322 4.64286 1.26017 12.1152
49 9.44228 16.0357 -17.0144 1.27 31.75
50 9.15437 16.0312 4.64366 1.26156 12.1234
50 9.44228 16.0357 -17.0144 1.27 31.75
51 9.14703 16.0308 4.64379 1.26382 12.1321
51 9.44228 16.0357 -17.0144 1.27 31.75
52 9.14024 16.0309 4.64348 1.2668 12.1403
52 9.44228 16.0357 -17.0144 1.27 31.75
53 9.13438 16.0309 4.64307 1.2692 12.1482
53 9.44228 16.0357 -17.0144 1.27 31.75
54 9.12899 16.0311 4.64255 1.27087 12.1555
54 9.44228 16.0357 -17.0144 1.27 31.75
55 9.12213 16.0312 4.64227 1.27147 12.1639
55 9.44228 16.0357 -17.0144 1.27 31.75
56 9.1157 16.0315 4.64172 1.27153 12.1721
56 9.44228 16.0357 -17.0144 1.27 31.75
57 9.10809 16.0311 4.64207 1.27004 12.1811
57 9.44228 16.0357 -17.0144 1.27 31.75
58 9.10131 16.0305 4.6426 1.2682 12.1894
58 9.44228 16.0357 -17.0144 1.27 31.75
59 9.09517 16.03 4.64304 1.266 12.1969
59 9.44228 16.0357 -17.0144 1.27 31.75
60 9.09001 16.029 4.64386 1.26347 12.2042
60 9.44228 16.0357 -17.0144 1.27 31.75
61 9.08549 16.0285 4.64405 1.26194 12.2112
61 9.44228 16.0357 -17.0144 1.27 31.75
62 9.08086 16.0299 4.64232 1.26182 12.2181
62 9.44228 16.0357 -17.0144 1.27 31.75
63 9.07698 16.0313 4.64045 1.26271 12.2246
63 9.44228 16.0357 -17.0144 1.27 31.75
64 9.07247 16.0318 4.63948 1.26404 12.2315
64 9.44228 16.0357 -17.0144 1.27 31.75
65 9.06725 16.0317 4.63919 1.26559 12.2387
65 9.44228 16.0357 -17.0144 1.27 31.75
66 9.06265 16.0304 4.64011 1.26647 12.2458
66 9.44228 16.0357 -17.0144 1.27 31.75
67 9.05765 16.029 4.6411 1.2683 12.2529
67 9.44228 16.0357 -17.0144 1.27 31.75
68 9.05394 16.0284 4.64103 1.2697 12.2599
68 9.44228 16.0357 -17.0144 1.27 31.75
69 9.04991 16.0286 4.64023 1.2701 12.2671
69 9.44228 16.0357 -17.0144 1.27 31.75
70 9.04414 16.0297 4.63884 1.27013 12.2753
70 9.44228 16.0357 -17.0144 1.27 31.75
71 9.03891 16.0301 4.63811 1.26972 12.2829
71 9.44228 16.0357 -17.0144 1.27 31.75
72 9.03223 16.0307 4.63737 1.26925 12.2913
72 9.44228 16.0357 -17.0144 1.27 31.75
73 9.02538 16.0305 4.63741 1.26874 12.2996
73 9.44228 16.0357 -17.0144 1.27 31.75
74 9.01829 16.03 4.63792 1.26777 12.308
74 9.44228 16.0357 -17.0144 1.27 31.75
75 9.01072 16.0295 4.63843 1.26665 12.3169
75 9.44228 16.0357 -17.0144 1.27 31.75
76 9.00345 16.0289 4.6389 1.26547 12.3255
76 9.44228 16.0357 -17.0144 1.27 31.75
77 8.99647 16.0285 4.63921 1.26473 12.3339
77 9.44228 16.0357 -17.0144 1.27 31.75
78 8.98982 16.0289 4.63877 1.26467 12.3418
78 9.44228 16.0357 -17.0144 1.27 31.75
79 8.98302 16.0297 4.63789 1.26484 12.3498
79 9.44228 16.0357 -17.0144 1.27 31.75
80 8.97629 16.0302 4.63731 1.26498 12.3578
80 9.44228 16.0357 -17.0144 1.27 31.75
81 8.96984 16.0303 4.63704 1.26544 12.3656
81 9.44228 16.0357 -17.0144 1.27 31.75
82 8.9636 16.0302 4.63699 1.26622 12.3731
82 9.44228 16.0357 -17.0144 1.27 31.75
83 8.95774 16.0296 4.63723 1.26706 12.3806
83 9.44228 16.0357 -17.0144 1.27 31.75
84 8.9521 16.0287 4.63774 1.26814 12.3886
84 9.44228 16.0357 -17.0144 1.27 31.75
85 8.94656 16.0287 4.63724 1.26841 12.397
85 9.44228 16.0357 -17.0144 1.27 31.75
86 8.94078 16.0287 4.63678 1.26883 12.4052
86 9.44228 16.0357 -17.0144 1.27 31.75
87 8.93556 16.0288 4.63612 1.26907 12.4133
87 9.44228 16.0357 -17.0144 1.27 31.75
88 8.92993 16.0288 4.6357 1.26894 12.4214
88 9.44228 16.0357 -17.0144 1.27 31.75
89 8.9238 16.0284 4.63572 1.26906 12.4294
89 9.44228 16.0357 -17.0144 1.27 31.75
90 8.918 16.0285 4.6353 1.26935 12.4371
90 9.44228 16.0357 -17.0144 1.27 31.75
91 8.91293 16.0289 4.63457 1.26951 12.4442
91 9.44228 16.0357 -17.0144 1.27 31.75
92 8.90687 16.0291 4.63415 1.2693 12.4519
92 9.44228 16.0357 -17.0144 1.27 31.75
93 8.90036 16.0287 4.63434 1.26879 12.4597
93 9.44228 16.0357 -17.0144 1.27 31.75
94 8.89258 16.0282 4.63489 1.26763 12.4684
94 9.44228 16.0357 -17.0144 1.27 31.75
95 8.88426 16.0279 4.63524 1.26615 12.4775
95 9.44228 16.0357 -17.0144 1.27 31.75
96 8.87655 16.028 4.63504 1.26554 12.4863
96 9.44228 16.0357 -17.0144 1.27 31.75
97 8.86892 16.0278 4.63507 1.26537 12.4952
97 9.44228 16.0357 -17.0144 1.27 31.75
98 8.86184 16.0287 4.63409 1.26522 12.5034
98 9.44228 16.0357 -17.0144 1.27 31.75
99 8.85555 16.0288 4.63381 1.26523 12.511
99 9.44228 16.0357 -17.0144 1.27 31.75
100 8.84997 16.0282 4.63421 1.26526 12.518
100 9.44228 16.0357 -17.0144 1.27 31.75
101 8.84523 16.0275 4.63457 1.26532 12.5246
101 9.44228 16.0357 -17.0144 1.27 31.75
102 8.84089 16.0274 4.63406 1.26631 12.5316
102 9.44228 16.0357 -17.0144 1.27 31.75
103 8.83719 16.0277 4.63315 1.26707 12.5381
103 9.44228 16.0357 -17.0144 1.27 31.75
104 8.83349 16.0282 4.63198 1.26852 12.5444
104 9.44228 16.0357 -17.0144 1.27 31.75
105 8.83049 16.0283 4.6312 1.26981 12.5503
105 9.44228 16.0357 -17.0144 1.27 31.75
106 8.82821 16.0275 4.63128 1.26994 12.556
106 9.44228 16.0357 -17.0144 1.27 31.75
107 8.82532 16.027 4.63107 1.26969 12.5619
107 9.44228 16.0357 -17.0144 1.27 31.75
108 8.82291 16.0268 4.63063 1.26889 12.5675
108 9.44228 16.0357 -17.0144 1.27 31.75
109 8.82029 16.0264 4.63038 1.26794 12.5733
109 9.44228 16.0357 -17.0144 1.27 31.75
110 8.81573 16.0268 4.6295 1.26644 12.5805
110 9.44228 16.0357 -17.0144 1.27 31.75
111 8.8118 16.0274 4.62838 1.26498 12.5872
111 9.44228 16.0357 -17.0144 1.27 31.75
112 8.80775 16.0273 4.6279 1.26431 12.5941
112 9.44228 16.0357 -17.0144 1.27 31.75
113 8.80373 16.0268 4.62781 1.2638 12.6007
113 9.44228 16.0357 -17.0144 1.27 31.75
114 8.80008 16.0263 4.62776 1.26426 12.6068
114 9.44228 16.0357 -17.0144 1.27 31.75
115 8.79595 16.0257 4.62788 1.26464 12.6132
115 9.44228 16.0357 -17.0144 1.27 31.75
116 8.79088 16.0251 4.62794 1.26557 12.6203
116 9.44228 16.0357 -17.0144 1.27 31.75
117 8.78574 16.0249 4.62757 1.26629 12.628
117 9.44228 16.0357 -17.0144 1.27 31.75
118 8.78071 16.0259 4.62599 1.26748 12.6354
118 9.44228 16.0357 -17.0144 1.27 31.75
119 8.7763 16.0267 4.62461 1.269 12.6422
119 9.44228 16.0357 -17.0144 1.27 31.75
120 8.77247 16.0261 4.62458 1.2699 12.6485
120 9.44228 16.0357 -17.0144 1.27 31.75
121 8.76831 16.0246 4.62555 1.26977 12.6551
121 9.44228 16.0357 -17.0144 1.27 31.75
122 8.76422 16.0237 4.626 1.269 12.6614
122 9.44228 16.0357 -17.0144 1.27 31.75
123 8.75786 16.0244 4.62508 1.26801 12.669
123 9.44228 16.0357 -17.0144 1.27 31.75
124 8.75105 16.0254 4.62399 1.26632 12.6769
124 9.44228 16.0357 -17.0144 1.27 31.75
125 8.74535 16.0256 4.62351 1.26462 12.6844
125 9.44228 16.0357 -17.0144 1.27 31.75
126 8.7399 16.0263 4.62262 1.2636 12.6914
126 9.44228 16.0357 -17.0144 1.27 31.75
127 8.73483 16.0253 4.62328 1.26262 12.6983
127 9.44228 16.0357 -17.0144 1.27 31.75
128 8.73017 16.0244 4.62386 1.26186 12.7046
128 9.44228 16.0357 -17.0144 1.27 31.75
129 8.72586 16.0244 4.6235 1.26282 12.7104
129 9.44228 16.0357 -17.0144 1.27 31.75
130 8.72137 16.0242 4.62329 1.26431 12.7164
130 9.44228 16.0357 -17.0144 1.27 31.75
131 8.71693 16.025 4.62217 1.26709 12.7221
131 9.44228 16.0357 -17.0144 1.27 31.75
132 8.71226 16.0253 4.62146 1.27 12.7282
132 9.44228 16.0357 -17.0144 1.27 31.75
133 8.70694 16.0244 4.6219 1.27138 12.7353
133 9.44228 16.0357 -17.0144 1.27 31.75
134 8.70178 16.0238 4.62217 1.27156 12.7421
134 9.44228 16.0357 -17.0144 1.27 31.75
135 8.69714 16.0227 4.62274 1.27055 12.7489
135 9.44228 16.0357 -17.0144 1.27 31.75
136 8.69253 16.0232 4.62187 1.2683 12.7556
136 9.44228 16.0357 -17.0144 1.27 31.75
137 8.68821 16.0235 4.62128 1.26596 12.7619
137 9.44228 16.0357 -17.0144 1.27 31.75
138 8.68427 16.0234 4.62088 1.26421 12.768
138 9.44228 16.0357 -17.0144 1.27 31.75
139 8.68077 16.0234 4.62043 1.26335 12.7736
139 9.44228 16.0357 -17.0144 1.27 31.75
140 8.67744 16.0233 4.62001 1.26306 12.7795
140 9.44228 16.0357 -17.0144 1.27 31.75
141 8.67389 16.0231 4.61961 1.26329 12.7853
141 9.44228 16.0357 -17.0144 1.27 31.75
142 8.67062 16.0228 4.6193 1.26433 12.791
142 9.44228 16.0357 -17.0144 1.27 31.75
143 8.66794 16.0228 4.6186 1.26601 12.7963
143 9.44228 16.0357 -17.0144 1.27 31.75
144 8.66532 16.0237 4.61701 1.26804 12.8013
144 9.44228 16.0357 -17.0144 1.27 31.75
145 8.66214 16.024 4.61619 1.26887 12.8065
145 9.44228 16.0357 -17.0144 1.27 31.75
146 8.65948 16.0224 4.61732 1.26848 12.8114
146 9.44228 16.0357 -17.0144 1.27 31.75
147 8.65593 16.0211 4.61825 1.26717 12.8167
147 9.44228 16.0357 -17.0144 1.27 31.75
148 8.65252 16.021 4.61798 1.26619 12.8217
148 9.44228 16.0357 -17.0144 1.27 31.75
149 8.64841 16.0222 4.61648 1.26528 12.8273
149 9.44228 16.0357 -17.0144 1.27 31.75
150 8.64462 16.0236 4.61485 1.26545 12.8325
150 9.44228 16.0357 -17.0144 1.27 31.75
151 8.64072 16.0245 4.61362 1.26511 12.8379
151 9.44228 16.0357 -17.0144 1.27 31.75
152 8.63769 16.0227 4.61495 1.26363 12.8431
152 9.44228 16.0357 -17.0144 1.27 31.75
153 8.63526 16.0207 4.61627 1.2626 12.8483
153 9.44228 16.0357 -17.0144 1.27 31.75
154 8.63293 16.0204 4.61594 1.26363 12.8533
154 9.44228 16.0357 -17.0144 1.27 31.75
155 8.63102 16.0211 4.61454 1.26596 12.8579
155 9.44228 16.0357 -17.0144 1.27 31.75
156 8.62886 16.0218 4.61318 1.26802 12.8625
156 9.44228 16.0357 -17.0144 1.27 31.75
157 8.62745 16.0213 4.61284 1.26935 12.8671
157 9.44228 16.0357 -17.0144 1.27 31.75
158 8.62618 16.0205 4.613 1.2697 12.8712
158 9.44228 16.0357 -17.0144 1.27 31.75
159 8.62522 16.0197 4.613 1.26919 12.8753
159 9.44228 16.0357 -17.0144 1.27 31.75
160 8.62368 16.0198 4.61224 1.26866 12.8799
160 9.44228 16.0357 -17.0144 1.27 31.75
161 8.62241 16.0207 4.61061 1.26737 12.8843
161 9.44228 16.0357 -17.0144 1.27 31.75
162 8.62155 16.0211 4.60948 1.26591 12.8885
162 9.44228 16.0357 -17.0144 1.27 31.75
163 8.61959 16.0214 4.60863 1.26459 12.8932
163 9.44228 16.0357 -17.0144 1.27 31.75
164 8.61798 16.0204 4.60896 1.26362 12.8976
164 9.44228 16.0357 -17.0144 1.27 31.75
165 8.61659 16.0194 4.60936 1.26311 12.9016
165 9.44228 16.0357 -17.0144 1.27 31.75
166 8.61559 16.0185 4.6096 1.26393 12.9055
166 9.44228 16.0357 -17.0144 1.27 31.75
167 8.61507 16.0183 4.60894 1.26546 12.9093
167 9.44228 16.0357 -17.0144 1.27 31.75
168 8.61466 16.019 4.60738 1.26637 12.9132
168 9.44228 16.0357 -17.0144 1.27 31.75
169 8.61494 16.0191 4.60615 1.26672 12.9173
169 9.44228 16.0357 -17.0144 1.27 31.75
170 8.61464 16.0194 4.60488 1.26619 12.9219
170 9.44228 16.0357 -17.0144 1.27 31.75
171 8.6143 16.0196 4.60362 1.26526 12.9268
171 9.44228 16.0357 -17.0144 1.27 31.75
172 8.61059 16.0188 4.60365 1.26472 12.9337
172 9.44228 16.0357 -17.0144 1.27 31.75
173 8.60764 16.0176 4.60404 1.26422 12.9402
173 9.44228 16.0357 -17.0144 1.27 31.75
174 8.6055 16.0165 4.60414 1.26441 12.9465
174 9.44228 16.0357 -17.0144 1.27 31.75
175 8.60316 16.0163 4.60341 1.26515 12.9527
175 9.44228 16.0357 -17.0144 1.27 31.75
176 8.59886 16.0166 4.6023 1.26574 12.96
176 9.44228 16.0357 -17.0144 1.27 31.75
177 8.59514 16.0176 4.60057 1.26716 12.9668
177 9.44228 16.0357 -17.0144 1.27 31.75
178 8.59179 16.0186 4.59882 1.26777 12.9733
178 9.44228 16.0357 -17.0144 1.27 31.75
179 8.58888 16.0177 4.59896 1.26745 12.9792
179 9.44228 16.0357 -17.0144 1.27 31.75
180 8.585 16.0161 4.59994 1.26737 12.9857
180 9.44228 16.0357 -17.0144 1.27 31.75
181 8.58118 16.0149 4.60053 1.2682 12.9922
181 9.44228 16.0357 -17.0144 1.27 31.75
182 8.57681 16.0149 4.59995 1.26836 12.9988
182 9.44228 16.0357 -17.0144 1.27 31.75
183 8.57232 16.0159 4.59838 1.26832 13.0056
183 9.44228 16.0357 -17.0144 1.27 31.75
184 8.56837 16.0164 4.59739 1.26671 13.0122
184 9.44228 16.0357 -17.0144 1.27 31.75
185 8.56402 16.0164 4.59681 1.26569 13.0191
185 9.44228 16.0357 -17.0144 1.27 31.75
186 8.55998 16.0155 4.59711 1.26448 13.0259
186 9.44228 16.0357 -17.0144 1.27 31.75
187 8.55512 16.0145 4.5976 1.26366 13.033
187 9.44228 16.0357 -17.0144 1.27 31.75
188 8.55113 16.0147 4.59679 1.26376 13.0396
188 9.44228 16.0357 -17.0144 1.27 31.75
189 8.54672 16.0152 4.5958 1.26393 13.0463
189 9.44228 16.0357 -17.0144 1.27 31.75
190 8.54184 16.0158 4.5946 1.26507 13.0534
190 9.44228 16.0357 -17.0144 1.27 31.75
191 8.53685 16.0159 4.59375 1.26618 13.0612
191 9.44228 16.0357 -17.0144 1.27 31.75
192 8.53139 16.015 4.59397 1.26632 13.0693
192 9.44228 16.0357 -17.0144 1.27 31.75
193 8.52589 16.0138 4.59465 1.26574 13.0772
193 9.44228 16.0357 -17.0144 1.27 31.75
194 8.52075 16.0131 4.59487 1.26466 13.0845
194 9.44228 16.0357 -17.0144 1.27 31.75
195 8.51674 16.013 4.59423 1.26321 13.0916
195 9.44228 16.0357 -17.0144 1.27 31.75
196 8.51325 16.0139 4.59271 1.26181 13.0981
196 9.44228 16.0357 -17.0144 1.27 31.75
197 8.5103 16.015 4.59089 1.26137 13.1041
197 9.44228 16.0357 -17.0144 1.27 31.75
198 8.5073 16.0158 4.58938 1.26127 13.1099
198 9.44228 16.0357 -17.0144 1.27 31.75
199 8.50476 16.0154 4.58902 1.26258 13.1152
199 9.44228 16.0357 -17.0144 1.27 31.75
200 8.50273 16.0136 4.59009 1.26397 13.1202
200 9.44228 16.0357 -17.0144 1.27 31.75
201 8.50054 16.0119 4.59106 1.26513 13.1251
201 9.44228 16.0357 -17.0144 1.27 31.75
202 8.49865 16.0115 4.59063 1.26666 13.13
202 9.44228 16.0357 -17.0144 1.27 31.75
203 8.49604 16.0131 4.58837 1.26723 13.1353
203 9.44228 16.0357 -17.0144 1.27 31.75
204 8.49387 16.0144 4.58641 1.26713 13.1402
204 9.44228 16.0357 -17.0144 1.27 31.75
205 8.49179 16.014 4.58629 1.26639 13.1448
205 9.44228 16.0357 -17.0144 1.27 31.75
206 8.48964 16.0121 4.5876 1.26478 13.1496
206 9.44228 16.0357 -17.0144 1.27 31.75
207 8.48793 16.0098 4.58921 1.26432 13.154
207 9.44228 16.0357 -17.0144 1.27 31.75
208 8.48644 16.01 4.58836 1.26377 13.1583
208 9.44228 16.0357 -17.0144 1.27 31.75
209 8.48529 16.0118 4.58578 1.26386 13.1627
209 9.44228 16.0357 -17.0144 1.27 31.75
210 8.48471 16.0133 4.58344 1.26472 13.167
210 9.44228 16.0357 -17.0144 1.27 31.75
211 8.48374 16.0125 4.5833 1.2646 13.1717
211 9.44228 16.0357 -17.0144 1.27 31.75
212 8.48294 16.0107 4.58437 1.26437 13.1759
212 9.44228 16.0357 -17.0144 1.27 31.75
213 8.48241 16.0093 4.58494 1.26449 13.1799
213 9.44228 16.0357 -17.0144 1.27 31.75
214 8.48179 16.0094 4.58401 1.2651 13.184
214 9.44228 16.0357 -17.0144 1.27 31.75
215 8.48131 16.0109 4.58161 1.26663 13.1878
215 9.44228 16.0357 -17.0144 1.27 31.75
216 8.48037 16.0122 4.57936 1.26794 13.1929
216 9.44228 16.0357 -17.0144 1.27 31.75
217 8.47842 16.0116 4.57902 1.26851 13.1986
217 9.44228 16.0357 -17.0144 1.27 31.75
218 8.47665 16.0086 4.5813 1.26694 13.2038
218 9.44228 16.0357 -17.0144 1.27 31.75
219 8.47494 16.0065 4.58274 1.26474 13.2086
219 9.44228 16.0357 -17.0144 1.27 31.75
220 8.47382 16.0072 4.58128 1.26246 13.2135
220 9.44228 16.0357 -17.0144 1.27 31.75
221 8.47311 16.0096 4.57799 1.26109 13.2187
221 9.44228 16.0357 -17.0144 1.27 31.75
222 8.47217 16.0112 4.57547 1.26055 13.2239
222 9.44228 16.0357 -17.0144 1.27 31.75
223 8.47047 16.011 4.57479 1.2595 13.2296
223 9.44228 16.0357 -17.0144 1.27 31.75
224 8.46955 16.0091 4.57565 1.25831 13.2352
224 9.44228 16.0357 -17.0144 1.27 31.75
225 8.46897 16.007 4.57667 1.25803 13.2405
225 9.44228 16.0357 -17.0144 1.27 31.75
226 8.46793 16.0064 4.57616 1.25977 13.2466
226 9.44228 16.0357 -17.0144 1.27 31.75
227 8.46698 16.0068 4.57452 1.26242 13.2525
227 9.44228 16.0357 -17.0144 1.27 31.75
228 8.46632 16.0079 4.57231 1.26478 13.2579
228 9.44228 16.0357 -17.0144 1.27 31.75
229 8.46481 16.0091 4.57004 1.26691 13.2637
229 9.44228 16.0357 -17.0144 1.27 31.75
230 8.46411 16.009 4.56904 1.26722 13.2696
230 9.44228 16.0357 -17.0144 1.27 31.75
231 8.46355 16.0073 4.56968 1.26639 13.2749
231 9.44228 16.0357 -17.0144 1.27 31.75
232 8.46303 16.0049 4.57108 1.26558 13.2799
232 9.44228 16.0357 -17.0144 1.27 31.75
233 8.46288 16.0035 4.57143 1.26515 13.2847
233 9.44228 16.0357 -17.0144 1.27 31.75
234 8.46134 16.0043 4.56989 1.26352 13.29
234 9.44228 16.0357 -17.0144 1.27 31.75
235 8.45814 16.007 4.56658 1.26215 13.2965
235 9.44228 16.0357 -17.0144 1.27 31.75
236 8.45582 16.0081 4.56466 1.26145 13.3028
236 9.44228 16.0357 -17.0144 1.27 31.75
237 8.45351 16.0076 4.56438 1.26114 13.3086
237 9.44228 16.0357 -17.0144 1.27 31.75
238 8.45168 16.0057 4.56544 1.26174 13.3141
238 9.44228 16.0357 -17.0144 1.27 31.75
239 8.44958 16.0038 4.56645 1.26357 13.3197
239 9.44228 16.0357 -17.0144 1.27 31.75
240 8.44779 16.0029 4.56651 1.26593 13.325
240 9.44228 16.0357 -17.0144 1.27 31.75
241 8.44608 16.0035 4.56507 1.26762 13.3302
241 9.44228 16.0357 -17.0144 1.27 31.75
242 8.4441 16.0056 4.5623 1.26934 13.3353
242 9.44228 16.0357 -17.0144 1.27 31.75
243 8.4416 16.0063 4.56091 1.26951 13.3409
243 9.44228 16.0357 -17.0144 1.27 31.75
244 8.43901 16.0057 4.56096 1.26745 13.3463
244 9.44228 16.0357 -17.0144 1.27 31.75
245 8.43586 16.0045 4.56162 1.26547 13.3523
245 9.44228 16.0357 -17.0144 1.27 31.75
246 8.43354 16.0027 4.56269 1.26264 13.358
246 9.44228 16.0357 -17.0144 1.27 31.75
247 8.43145 16.0027 4.5622 1.25988 13.3632
247 9.44228 16.0357 -17.0144 1.27 31.75
248 8.42997 16.0029 4.56127 1.25846 13.3681
248 9.44228 16.0357 -17.0144 1.27 31.75
249 8.42899 16.0037 4.55967 1.25913 13.3728
249 9.44228 16.0357 -17.0144 1.27 31.75
250 8.42699 16.0047 4.55793 1.26086 13.3779
250 9.44228 16.0357 -17.0144 1.27 31.75
251 8.42424 16.0033 4.55865 1.26298 13.3836
251 9.44228 16.0357 -17.0144 1.27 31.75
252 8.42187 16.0014 4.55983 1.26493 13.3889
252 9.44228 16.0357 -17.0144 1.27 31.75
253 8.42011 16.0003 4.56014 1.26631 13.3939
253 9.44228 16.0357 -17.0144 1.27 31.75
254 8.41859 16.0012 4.5586 1.26696 13.3985
254 9.44228 16.0357 -17.0144 1.27 31.75
255 8.41751 16.0028 4.55634 1.26575 13.4028
255 9.44228 16.0357 -17.0144 1.27 31.75
256 8.41577 16.0044 4.55412 1.26469 13.4078
256 9.44228 16.0357 -17.0144 1.27 31.75
257 8.41422 16.0042 4.55372 1.26315 13.4122
257 9.44228 16.0357 -17.0144 1.27 31.75
258 8.41296 16.0018 4.5556 1.26062 13.4164
258 9.44228 16.0357 -17.0144 1.27 31.75
259 8.41205 15.9995 4.55732 1.26031 13.4203
259 9.44228 16.0357 -17.0144 1.27 31.75
260 8.41135 15.9994 4.55678 1.26026 13.4239
260 9.44228 16.0357 -17.0144 1.27 31.75
261 8.41091 16.001 4.55456 1.2608 13.4273
261 9.44228 16.0357 -17.0144 1.27 31.75
262 8.41069 16.0022 4.55271 1.26194 13.4305
262 9.44228 16.0357 -17.0144 1.27 31.75
263 8.411 16.0023 4.55192 1.26224 13.4337
263 9.44228 16.0357 -17.0144 1.27 31.75
264 8.41167 16.0007 4.55268 1.26191 13.437
264 9.44228 16.0357 -17.0144 1.27 31.75
265 8.41278 15.9996 4.55291 1.26195 13.4402
265 9.44228 16.0357 -17.0144 1.27 31.75
266 8.41393 15.9995 4.55219 1.26226 13.4432
266 9.44228 16.0357 -17.0144 1.27 31.75
267 8.41503 16.0008 4.55008 1.26356 13.446
267 9.44228 16.0357 -17.0144 1.27 31.75
268 8.41637 16.0013 4.54868 1.26456 13.4488
268 9.44228 16.0357 -17.0144 1.27 31.75
269 8.41835 16.0001 4.54894 1.26489 13.4519
269 9.44228 16.0357 -17.0144 1.27 31.75
270 8.42056 15.9991 4.54892 1.26394 13.4549
270 9.44228 16.0357 -17.0144 1.27 31.75
271 8.42281 15.999 4.54798 1.26226 13.4579
271 9.44228 16.0357 -17.0144 1.27 31.75
272 8.42523 15.9993 4.54667 1.26133 13.4608
272 9.44228 16.0357 -17.0144 1.27 31.75
273 8.42769 15.9991 4.54584 1.26038 13.4637
273 9.44228 16.0357 -17.0144 1.27 31.75
274 8.42999 15.999 4.54507 1.25971 13.4663
274 9.44228 16.0357 -17.0144 1.27 31.75
275 8.43228 15.9979 4.54517 1.25889 13.4688
275 9.44228 16.0357 -17.0144 1.27 31.75
276 8.43442 15.9967 4.54548 1.25856 13.4712
276 9.44228 16.0357 -17.0144 1.27 31.75
277 8.4366 15.9969 4.54449 1.2586 13.4734
277 9.44228 16.0357 -17.0144 1.27 31.75
278 8.43872 15.998 4.54244 1.25954 13.4756
278 9.44228 16.0357 -17.0144 1.27 31.75
279 8.44068 15.9992 4.54046 1.26143 13.4776
279 9.44228 16.0357 -17.0144 1.27 31.75
280 8.44292 15.999 4.53973 1.26323 13.4798
280 9.44228 16.0357 -17.0144 1.27 31.75
281 8.44538 15.9971 4.54064 1.26455 13.482
281 9.44228 16.0357 -17.0144 1.27 31.75
282 8.44768 15.9949 4.54193 1.26537 13.4841
282 9.44228 16.0357 -17.0144 1.27 31.75
283 8.45023 15.9945 4.54142 1.2659 13.4863
283 9.44228 16.0357 -17.0144 1.27 31.75
284 8.45281 15.9952 4.53981 1.26632 13.4885
284 9.44228 16.0357 -17.0144 1.27 31.75
285 8.45586 15.9963 4.53761 1.26614 13.491
285 9.44228 16.0357 -17.0144 1.27 31.75
286 8.45919 15.9972 4.5356 1.26469 13.4937
286 9.44228 16.0357 -17.0144 1.27 31.75
287 8.46274 15.9962 4.53554 1.26098 13.4966
287 9.44228 16.0357 -17.0144 1.27 31.75
288 8.46654 15.9933 4.53722 1.2584 13.4996
288 9.44228 16.0357 -17.0144 1.27 31.75
289 8.47017 15.992 4.53724 1.2577 13.5024
289 9.44228 16.0357 -17.0144 1.27 31.75
290 8.47396 15.9925 4.53547 1.25715 13.5053
290 9.44228 16.0357 -17.0144 1.27 31.75
291 8.47759 15.9937 4.53306 1.25788 13.5081
291 9.44228 16.0357 -17.0144 1.27 31.75
292 8.48123 15.9953 4.5302 1.25916 13.5109
292 9.44228 16.0357 -17.0144 1.27 31.75
293 8.48538 15.9953 4.5288 1.26086 13.5141
293 9.44228 16.0357 -17.0144 1.27 31.75
294 8.48946 15.9939 4.52882 1.26206 13.5171
294 9.44228 16.0357 -17.0144 1.27 31.75
295 8.49381 15.9921 4.52912 1.26296 13.5204
295 9.44228 16.0357 -17.0144 1.27 31.75
296 8.49784 15.9914 4.52846 1.2641 13.5234
296 9.44228 16.0357 -17.0144 1.27 31.75
297 8.50149 15.9913 4.52739 1.26402 13.5262
297 9.44228 16.0357 -17.0144 1.27 31.75
298 8.505 15.9917 4.5258 1.2634 13.5288
298 9.44228 16.0357 -17.0144 1.27 31.75
299 8.50844 15.9924 4.52408 1.26267 13.5314
299 9.44228 16.0357 -17.0144 1.27 31.75
300 8.51183 15.992 4.52338 1.26227 13.5339
300 9.44228 16.0357 -17.0144 1.27 31.75
301 8.5155 15.9903 4.52381 1.2617 13.5366
301 9.44228 16.0357 -17.0144 1.27 31.75
302 8.51904 15.9891 4.52395 1.26087 13.5393
302 9.44228 16.0357 -17.0144 1.27 31.75
303 8.52228 15.9893 4.52266 1.2605 13.5417
303 9.44228 16.0357 -17.0144 1.27 31.75
304 8.52587 15.9902 4.52067 1.26039 13.5443
304 9.44228 16.0357 -17.0144 1.27 31.75
305 8.5292 15.9908 4.51893 1.26045 13.5468
305 9.44228 16.0357 -17.0144 1.27 31.75
306 8.53275 15.99 4.51856 1.26036 13.5494
306 9.44228 16.0357 -17.0144 1.27 31.75
307 8.53644 15.9886 4.51879 1.2607 13.5521
307 9.44228 16.0357 -17.0144 1.27 31.75
308 8.5408 15.9876 4.51838 1.26114 13.5553
308 9.44228 16.0357 -17.0144 1.27 31.75
309 8.5448 15.9877 4.51694 1.26155 13.5583
309 9.44228 16.0357 -17.0144 1.27 31.75
310 8.54886 15.9879 4.51548 1.26149 13.5612
310 9.44228 16.0357 -17.0144 1.27 31.75
311 8.5527 15.9888 4.51332 1.26188 13.5641
311 9.44228 16.0357 -17.0144 1.27 31.75
312 8.55625 15.9895 4.51141 1.2627 13.5667
312 9.44228 16.0357 -17.0144 1.27 31.75
313 8.56017 15.9887 4.51092 1.26235 13.5695
313 9.44228 16.0357 -17.0144 1.27 31.75
314 8.56386 15.9871 4.51135 1.26139 13.5722
314 9.44228 16.0357 -17.0144 1.27 31.75
315 8.56756 15.9857 4.51167 1.26007 13.575
315 9.44228 16.0357 -17.0144 1.27 31.75
316 8.57105 15.9856 4.5107 1.2592 13.5775
316 9.44228 16.0357 -17.0144 1.27 31.75
317 8.57421 15.9863 4.50895 1.25883 13.5798
317 9.44228 16.0357 -17.0144 1.27 31.75
318 8.57711 15.9873 4.50701 1.25905 13.582
318 9.44228 16.0357 -17.0144 1.27 31.75
319 8.57995 15.9871 4.50626 1.26033 13.584
319 9.44228 16.0357 -17.0144 1.27 31.75
320 8.58248 15.986 4.50649 1.26241 13.586
320 9.44228 16.0357 -17.0144 1.27 31.75
321 8.58478 15.9847 4.50688 1.26485 13.5878
321 9.44228 16.0357 -17.0144 1.27 31.75
322 8.58705 15.9833 4.5076 1.26472 13.5896
322 9.44228 16.0357 -17.0144 1.27 31.75
323 8.58959 15.984 4.50614 1.26305 13.5916
323 9.44228 16.0357 -17.0144 1.27 31.75
324 8.59194 15.9852 4.50424 1.261 13.5934
324 9.44228 16.0357 -17.0144 1.27 31.75
325 8.59419 15.9859 4.50286 1.25933 13.5951
325 9.44228 16.0357 -17.0144 1.27 31.75
326 8.59686 15.9853 4.50264 1.25849 13.5971
326 9.44228 16.0357 -17.0144 1.27 31.75
327 8.59934 15.9846 4.50248 1.25844 13.599
327 9.44228 16.0357 -17.0144 1.27 31.75
328 8.6017 15.9835 4.50279 1.25963 13.6008
328 9.44228 16.0357 -17.0144 1.27 31.75
329 8.60452 15.9832 4.50214 1.26092 13.6029
329 9.44228 16.0357 -17.0144 1.27 31.75
330 8.60663 15.9834 4.50102 1.26257 13.6054
330 9.44228 16.0357 -17.0144 1.27 31.75
331 8.60912 15.9835 4.49997 1.26402 13.6081
331 9.44228 16.0357 -17.0144 1.27 31.75
332 8.61023 15.9833 4.49925 1.2643 13.6119
332 9.44228 16.0357 -17.0144 1.27 31.75
333 8.61148 15.9823 4.49938 1.26294 13.6155
333 9.44228 16.0357 -17.0144 1.27 31.75
334 8.61264 15.9816 4.49929 1.26171 13.6188
334 9.44228 16.0357 -17.0144 1.27 31.75
335 8.61399 15.9822 4.49794 1.25965 13.622
335 9.44228 16.0357 -17.0144 1.27 31.75
336 8.61545 15.9826 4.49672 1.25867 13.625
336 9.44228 16.0357 -17.0144 1.27 31.75
337 8.61736 15.9825 4.49597 1.25797 13.6282
337 9.44228 16.0357 -17.0144 1.27 31.75
338 8.61919 15.982 4.4956 1.25727 13.6311
338 9.44228 16.0357 -17.0144 1.27 31.75
339 8.62085 15.9811 4.4957 1.25752 13.6337
339 9.44228 16.0357 -17.0144 1.27 31.75
340 8.62244 15.9812 4.49482 1.25882 13.6362
340 9.44228 16.0357 -17.0144 1.27 31.75
341 8.62411 15.9813 4.4939 1.26014 13.6386
341 9.44228 16.0357 -17.0144 1.27 31.75
342 8.62621 15.9816 4.49264 1.26181 13.6412
342 9.44228 16.0357 -17.0144 1.27 31.75
343 8.62818 15.9812 4.49229 1.2628 13.6436
343 9.44228 16.0357 -17.0144 1.27 31.75
344 8.63019 15.9807 4.49194 1.26205 13.6459
344 9.44228 16.0357 -17.0144 1.27 31.75
345 8.63215 15.9802 4.49177 1.26133 13.6481
345 9.44228 16.0357 -17.0144 1.27 31.75
346 8.63428 15.9801 4.49113 1.25968 13.6504
346 9.44228 16.0357 -17.0144 1.27 31.75
347 8.63664 15.9801 4.4903 1.25855 13.6527
347 9.44228 16.0357 -17.0144 1.27 31.75
348 8.63895 15.9802 4.48934 1.25902 13.655
348 9.44228 16.0357 -17.0144 1.27 31.75
349 8.64146 15.9795 4.48905 1.25981 13.6573
349 9.44228 16.0357 -17.0144 1.27 31.75
350 8.64392 15.9802 4.48751 1.26104 13.6596
350 9.44228 16.0357 -17.0144 1.27 31.75
351 8.64641 15.9806 4.4862 1.26157 13.6618
351 9.44228 16.0357 -17.0144 1.27 31.75
352 8.64893 15.9791 4.48689 1.25944 13.664
352 9.44228 16.0357 -17.0144 1.27 31.75
353 8.65132 15.9775 4.48779 1.25731 13.6661
353 9.44228 16.0357 -17.0144 1.27 31.75
354 8.65357 15.9775 4.48705 1.25622 13.668
354 9.44228 16.0357 -17.0144 1.27 31.75
355 8.65596 15.9784 4.48536 1.25582 13.6701
355 9.44228 16.0357 -17.0144 1.27 31.75
356 8.65836 15.98 4.48292 1.25645 13.6721
356 9.44228 16.0357 -17.0144 1.27 31.75
357 8.66081 15.9797 4.48242 1.25704 13.6741
357 9.44228 16.0357 -17.0144 1.27 31.75
358 8.66345 15.9779 4.48335 1.25812 13.6762
358 9.44228 16.0357 -17.0144 1.27 31.75
359 8.66593 15.9762 4.48417 1.26042 13.6782
359 9.44228 16.0357 -17.0144 1.27 31.75
360 8.66839 15.9758 4.4837 1.26286 13.6802
360 9.44228 16.0357 -17.0144 1.27 31.75
361 8.6709 15.9772 4.48141 1.2635 13.6821
361 9.44228 16.0357 -17.0144 1.27 31.75
362 8.67357 15.9778 4.48004 1.2629 13.6842
362 9.44228 16.0357 -17.0144 1.27 31.75
363 8.67624 15.9777 4.47935 1.26166 13.6863
363 9.44228 16.0357 -17.0144 1.27 31.75
364 8.67873 15.9767 4.47962 1.25951 13.6882
364 9.44228 16.0357 -17.0144 1.27 31.75
365 8.6813 15.9761 4.47935 1.25846 13.6905
365 9.44228 16.0357 -17.0144 1.27 31.75
366 8.68349 15.9754 4.47932 1.25789 13.693
366 9.44228 16.0357 -17.0144 1.27 31.75
367 8.68546 15.9755 4.47846 1.25723 13.6952
367 9.44228 16.0357 -17.0144 1.27 31.75
368 8.68728 15.9766 4.47662 1.25769 13.6972
368 9.44228 16.0357 -17.0144 1.27 31.75
369 8.68902 15.9768 4.47584 1.25806 13.6991
369 9.44228 16.0357 -17.0144 1.27 31.75
370 8.69081 15.9761 4.47584 1.25842 13.7009
370 9.44228 16.0357 -17.0144 1.27 31.75
371 8.69257 15.9748 4.47653 1.25858 13.7027
371 9.44228 16.0357 -17.0144 1.27 31.75
372 8.69442 15.9749 4.47572 1.25938 13.7046
372 9.44228 16.0357 -17.0144 1.27 31.75
373 8.69636 15.9751 4.47484 1.26009 13.7064
373 9.44228 16.0357 -17.0144 1.27 31.75
374 8.69864 15.9747 4.47449 1.26088 13.7084
374 9.44228 16.0357 -17.0144 1.27 31.75
375 8.70099 15.9745 4.47388 1.26163 13.7105
375 9.44228 16.0357 -17.0144 1.27 31.75
376 8.70333 15.9744 4.47317 1.26213 13.7126
376 9.44228 16.0357 -17.0144 1.27 31.75
377 8.70559 15.9746 4.47218 1.26114 13.7147
377 9.44228 16.0357 -17.0144 1.27 31.75
378 8.70758 15.9742 4.47194 1.25955 13.7167
378 9.44228 16.0357 -17.0144 1.27 31.75
379 8.7094 15.9745 4.47103 1.25835 13.7185
379 9.44228 16.0357 -17.0144 1.27 31.75
380 8.71116 15.9741 4.47085 1.25866 13.7202
380 9.44228 16.0357 -17.0144 1.27 31.75
381 8.71321 15.9735 4.47075 1.25995 13.7221
381 9.44228 16.0357 -17.0144 1.27 31.75
382 8.71507 15.9728 4.4708 1.26062 13.7237
382 9.44228 16.0357 -17.0144 1.27 31.75
383 8.71649 15.9727 4.47018 1.26104 13.7261
383 9.44228 16.0357 -17.0144 1.27 31.75
384 8.71816 15.9728 4.46936 1.26031 13.7286
384 9.44228 16.0357 -17.0144 1.27 31.75
385 8.72013 15.973 4.46843 1.25941 13.7311
385 9.44228 16.0357 -17.0144 1.27 31.75
386 8.72212 15.9734 4.46728 1.25867 13.7335
386 9.44228 16.0357 -17.0144 1.27 31.75
387 8.72411 15.9728 4.46716 1.25713 13.7359
387 9.44228 16.0357 -17.0144 1.27 31.75
388 8.72624 15.9716 4.46756 1.25636 13.7382
388 9.44228 16.0357 -17.0144 1.27 31.75
389 8.72895 15.9707 4.46742 1.25712 13.7409
389 9.44228 16.0357 -17.0144 1.27 31.75
390 8.73165 15.9711 4.46616 1.25754 13.7436
390 9.44228 16.0357 -17.0144 1.27 31.75
391 8.73405 15.9718 4.46461 1.25704 13.746
391 9.44228 16.0357 -17.0144 1.27 31.75
392 8.73644 15.9716 4.46397 1.2559 13.7485
392 9.44228 16.0357 -17.0144 1.27 31.75
393 8.7392 15.9717 4.46294 1.25601 13.7511
393 9.44228 16.0357 -17.0144 1.27 31.75
394 8.74254 15.9701 4.46333 1.25662 13.7541
394 9.44228 16.0357 -17.0144 1.27 31.75
395 8.74596 15.969 4.46326 1.25814 13.7572
395 9.44228 16.0357 -17.0144 1.27 31.75
396 8.74906 15.9692 4.46195 1.25941 13.7601
396 9.44228 16.0357 -17.0144 1.27 31.75
397 8.75248 15.9702 4.45975 1.26082 13.7631
397 9.44228 16.0357 -17.0144 1.27 31.75
398 8.75565 15.9711 4.45782 1.26066 13.7659
398 9.44228 16.0357 -17.0144 1.27 31.75
399 8.75887 15.9707 4.45719 1.25956 13.7687
399 9.44228 16.0357 -17.0144 1.27 31.75
400 8.762 15.969 4.45796 1.25704 13.7715
400 9.44228 16.0357 -17.0144 1.27 31.75
401 8.76355 15.9672 4.45887 1.25532 13.7755
401 9.44228 16.0357 -17.0144 1.27 31.75
402 8.76501 15.9669 4.45822 1.25565 13.7791
402 9.44228 16.0357 -17.0144 1.27 31.75
403 8.76662 15.9677 4.45648 1.2567 13.7826
403 9.44228 16.0357 -17.0144 1.27 31.75
404 8.76809 15.9692 4.45406 1.25711 13.7863
404 9.44228 16.0357 -17.0144 1.27 31.75
405 8.76954 15.97 4.45239 1.2588 13.7898
405 9.44228 16.0357 -17.0144 1.27 31.75
406 8.77128 15.9696 4.45178 1.26021 13.7932
406 9.44228 16.0357 -17.0144 1.27 31.75
407 8.77324 15.968 4.45251 1.26061 13.7966
407 9.44228 16.0357 -17.0144 1.27 31.75
408 8.77531 15.966 4.45357 1.26002 13.7998
408 9.44228 16.0357 -17.0144 1.27 31.75
409 8.77756 15.9648 4.45385 1.25864 13.803
409 9.44228 16.0357 -17.0144 1.27 31.75
410 8.77967 15.9663 4.45156 1.25776 13.806
410 9.44228 16.0357 -17.0144 1.27 31.75
411 8.78157 15.9683 4.44882 1.25664 13.8086
411 9.44228 16.0357 -17.0144 1.27 31.75
412 8.78361 15.9691 4.44713 1.25664 13.8113
412 9.44228 16.0357 -17.0144 1.27 31.75
413 8.78548 15.9678 4.44771 1.25723 13.8137
413 9.44228 16.0357 -17.0144 1.27 31.75
414 8.78782 15.9652 4.44941 1.25748 13.8163
414 9.44228 16.0357 -17.0144 1.27 31.75
415 8.7901 15.9643 4.44944 1.25882 13.8188
415 9.44228 16.0357 -17.0144 1.27 31.75
416 8.7923 15.9647 4.44827 1.25921 13.8212
416 9.44228 16.0357 -17.0144 1.27 31.75
417 8.79569 15.9666 4.44529 1.25948 13.8244
417 9.44228 16.0357 -17.0144 1.27 31.75
418 8.79913 15.9674 4.44343 1.25905 13.8275
418 9.44228 16.0357 -17.0144 1.27 31.75
419 8.80228 15.9662 4.44365 1.25707 13.8304
419 9.44228 16.0357 -17.0144 1.27 31.75
420 8.80554 15.9647 4.44416 1.25543 13.8333
420 9.44228 16.0357 -17.0144 1.27 31.75
421 8.80881 15.9643 4.44348 1.25618 13.8361
421 9.44228 16.0357 -17.0144 1.27 31.75
422 8.81191 15.9639 4.44285 1.25738 13.8388
422 9.44228 16.0357 -17.0144 1.27 31.75
423 8.81524 15.9636 4.4421 1.25878 13.8416
423 9.44228 16.0357 -17.0144 1.27 31.75
424 8.81823 15.9636 4.44121 1.25934 13.8441
424 9.44228 16.0357 -17.0144 1.27 31.75
425 8.8214 15.9626 4.44116 1.25912 13.8467
425 9.44228 16.0357 -17.0144 1.27 31.75
426 8.8245 15.9627 4.44016 1.25834 13.8493
426 9.44228 16.0357 -17.0144 1.27 31.75
427 8.82734 15.9636 4.43849 1.25739 13.8516
427 9.44228 16.0357 -17.0144 1.27 31.75
428 8.83013 15.9639 4.43734 1.25647 13.8539
428 9.44228 16.0357 -17.0144 1.27 31.75
429 8.83294 15.963 4.43741 1.25456 13.8561
429 9.44228 16.0357 -17.0144 1.27 31.75
430 8.83589 15.9621 4.43754 1.25302 13.8585
430 9.44228 16.0357 -17.0144 1.27 31.75
431 8.83916 15.9609 4.43777 1.25261 13.861
431 9.44228 16.0357 -17.0144 1.27 31.75
432 8.84231 15.9608 4.43685 1.25328 13.8635
432 9.44228 16.0357 -17.0144 1.27 31.75
433 8.84549 15.9618 4.43489 1.25566 13.866
433 9.44228 16.0357 -17.0144 1.27 31.75
434 8.84876 15.9626 4.43301 1.25787 13.8685
434 9.44228 16.0357 -17.0144 1.27 31.75
435 8.85223 15.9617 4.43286 1.25904 13.8711
435 9.44228 16.0357 -17.0144 1.27 31.75
436 8.85563 15.9608 4.43269 1.25977 13.8737
436 9.44228 16.0357 -17.0144 1.27 31.75
437 8.85919 15.96 4.43246 1.26021 13.8766
437 9.44228 16.0357 -17.0144 1.27 31.75
438 8.86284 15.9598 4.43155 1.2601 13.8795
438 9.44228 16.0357 -17.0144 1.27 31.75
439 8.86645 15.9611 4.42917 1.25941 13.8823
439 9.44228 16.0357 -17.0144 1.27 31.75
440 8.86952 15.9616 4.42772 1.25802 13.8853
440 9.44228 16.0357 -17.0144 1.27 31.75
441 8.87132 15.9605 4.42785 1.25596 13.8898
441 9.44228 16.0357 -17.0144 1.27 31.75
442 8.87332 15.9586 4.42874 1.25447 13.894
442 9.44228 16.0357 -17.0144 1.27 31.75
443 8.87517 15.9574 4.42902 1.25351 13.8979
443 9.44228 16.0357 -17.0144 1.27 31.75
444 8.87688 15.9577 4.42778 1.2542 13.9015
444 9.44228 16.0357 -17.0144 1.27 31.75
445 8.87854 15.9585 4.42615 1.255 13.9047
445 9.44228 16.0357 -17.0144 1.27 31.75
446 8.88036 15.9589 4.42488 1.25569 13.9079
446 9.44228 16.0357 -17.0144 1.27 31.75
447 8.88267 15.959 4.42376 1.25717 13.9113
447 9.44228 16.0357 -17.0144 1.27 31.75
448 8.88531 15.9585 4.42329 1.25785 13.9147
448 9.44228 16.0357 -17.0144 1.27 31.75
449 8.88816 15.9573 4.42335 1.25849 13.9182
449 9.44228 16.0357 -17.0144 1.27 31.75
450 8.8914 15.9565 4.42304 1.25831 13.9218
450 9.44228 16.0357 -17.0144 1.27 31.75
451 8.89435 15.9561 4.42248 1.258 13.925
451 9.44228 16.0357 -17.0144 1.27 31.75
452 8.89721 15.9568 4.4208 1.25704 13.9281
452 9.44228 16.0357 -17.0144 1.27 31.75
453 8.90006 15.9574 4.41925 1.25656 13.9311
453 9.44228 16.0357 -17.0144 1.27 31.75
454 8.90281 15.957 4.41879 1.25428 13.9339
454 9.44228 16.0357 -17.0144 1.27 31.75
455 8.90528 15.9561 4.41889 1.25272 13.9365
455 9.44228 16.0357 -17.0144 1.27 31.75
456 8.90777 15.9556 4.41856 1.25224 13.9389
456 9.44228 16.0357 -17.0144 1.27 31.75
457 8.91143 15.9548 4.41812 1.25392 13.9422
457 9.44228 16.0357 -17.0144 1.27 31.75
458 8.91495 15.955 4.41679 1.25629 13.9453
458 9.44228 16.0357 -17.0144 1.27 31.75
459 8.91845 15.9554 4.41526 1.2587 13.9484
459 9.44228 16.0357 -17.0144 1.27 31.75
460 8.92217 15.956 4.41344 1.26028 13.9515
460 9.44228 16.0357 -17.0144 1.27 31.75
461 8.92603 15.9552 4.41301 1.26073 13.9548
461 9.44228 16.0357 -17.0144 1.27 31.75
462 8.92987 15.9536 4.41351 1.25899 13.9579
462 9.44228 16.0357 -17.0144 1.27 31.75
463 8.93351 15.9528 4.41327 1.25713 13.9609
463 9.44228 16.0357 -17.0144 1.27 31.75
464 8.9372 15.9537 4.4114 1.25448 13.9639
464 9.44228 16.0357 -17.0144 1.27 31.75
465 8.9409 15.9543 4.40967 1.25281 13.9669
465 9.44228 16.0357 -17.0144 1.27 31.75
466 8.94436 15.9548 4.40817 1.25263 13.9697
466 9.44228 16.0357 -17.0144 1.27 31.75
467 8.9477 15.9545 4.40752 1.25284 13.9723
467 9.44228 16.0357 -17.0144 1.27 31.75
468 8.95084 15.9535 4.40756 1.25341 13.9748
468 9.44228 16.0357 -17.0144 1.27 31.75
469 8.95409 15.9522 4.40789 1.25436 13.9774
469 9.44228 16.0357 -17.0144 1.27 31.75
470 8.95725 15.9507 4.40841 1.25477 13.9799
470 9.44228 16.0357 -17.0144 1.27 31.75
471 8.96012 15.9508 4.40744 1.25572 13.9823
471 9.44228 16.0357 -17.0144 1.27 31.75
472 8.96348 15.9514 4.40582 1.25572 13.985
472 9.44228 16.0357 -17.0144 1.27 31.75
473 8.96658 15.9522 4.40409 1.25618 13.9876
473 9.44228 16.0357 -17.0144 1.27 31.75
474 8.96958 15.9523 4.40293 1.25615 13.9906
474 9.44228 16.0357 -17.0144 1.27 31.75
475 8.97253 15.9521 4.40225 1.2558 13.9934
475 9.44228 16.0357 -17.0144 1.27 31.75
476 8.97494 15.9514 4.40204 1.25562 13.9964
476 9.44228 16.0357 -17.0144 1.27 31.75
477 8.97586 15.9504 4.40213 1.2554 14.0009
477 9.44228 16.0357 -17.0144 1.27 31.75
478 8.97779 15.95 4.40136 1.2554 14.0057
478 9.44228 16.0357 -17.0144 1.27 31.75
479 8.97986 15.9492 4.40105 1.25633 14.0102
479 9.44228 16.0357 -17.0144 1.27 31.75
480 8.98208 15.9495 4.39962 1.25756 14.0146
480 9.44228 16.0357 -17.0144 1.27 31.75
481 8.98428 15.9504 4.39767 1.25823 14.0187
481 9.44228 16.0357 -17.0144 1.27 31.75
482 8.98671 15.9505 4.39643 1.25808 14.0227
482 9.44228 16.0357 -17.0144 1.27 31.75
483 8.98915 15.9501 4.39578 1.25843 14.0265
483 9.44228 16.0357 -17.0144 1.27 31.75
484 8.99173 15.9486 4.39626 1.25708 14.0302
484 9.44228 16.0357 -17.0144 1.27 31.75
485 8.99434 15.9466 4.39729 1.25556 14.0338
485 9.44228 16.0357 -17.0144 1.27 31.75
486 8.997 15.946 4.39695 1.25434 14.0372
486 9.44228 16.0357 -17.0144 1.27 31.75
487 8.9994 15.9472 4.39489 1.25355 14.0403
487 9.44228 16.0357 -17.0144 1.27 31.75
488 9.00196 15.9486 4.39259 1.25233 14.0434
488 9.44228 16.0357 -17.0144 1.27 31.75
489 9.00433 15.9494 4.39091 1.25268 14.0462
489 9.44228 16.0357 -17.0144 1.27 31.75
490 9.00648 15.9491 4.39041 1.25327 14.0487
490 9.44228 16.0357 -17.0144 1.27 31.75
491 9.00896 15.9481 4.39052 1.25472 14.0514
491 9.44228 16.0357 -17.0144 1.27 31.75
492 9.01239 15.9459 4.39159 1.25592 14.0547
492 9.44228 16.0357 -17.0144 1.27 31.75
493 9.01562 15.9439 4.39254 1.25567 14.0578
493 9.44228 16.0357 -17.0144 1.27 31.75
494 9.01912 15.9432 4.39211 1.2553 14.061
494 9.44228 16.0357 -17.0144 1.27 31.75
495 9.02328 15.9455 4.38865 1.25421 14.0647
495 9.44228 16.0357 -17.0144 1.27 31.75
496 9.02748 15.9476 4.38535 1.25387 14.0683
496 9.44228 16.0357 -17.0144 1.27 31.75
497 9.03126 15.9485 4.38328 1.25362 14.0715
497 9.44228 16.0357 -17.0144 1.27 31.75
498 9.03483 15.9462 4.38454 1.25252 14.0746
498 9.44228 16.0357 -17.0144 1.27 31.75
499 9.03829 15.9435 4.38618 1.25235 14.0775
499 9.44228 16.0357 -17.0144 1.27 31.75
500 9.04156 15.942 4.38671 1.25273 14.0802
500 9.44228 16.0357 -17.0144 1.27 31.75
501 9.04475 15.9425 4.38528 1.2533 14.0829
501 9.44228 16.0357 -17.0144 1.27 31.75
502 9.04843 15.9441 4.38263 1.2546 14.0859
502 9.44228 16.0357 -17.0144 1.27 31.75
503 9.05216 15.9458 4.37977 1.25551 14.0889
503 9.44228 16.0357 -17.0144 1.27 31.75
504 9.05591 15.9452 4.37933 1.25583 14.0919
504 9.44228 16.0357 -17.0144 1.27 31.75
505 9.05968 15.943 4.38046 1.25534 14.0948
505 9.44228 16.0357 -17.0144 1.27 31.75
506 9.06327 15.9418 4.38066 1.25497 14.0977
506 9.44228 16.0357 -17.0144 1.27 31.75
507 9.06686 15.9415 4.37997 1.25527 14.1005
507 9.44228 16.0357 -17.0144 1.27 31.75
508 9.07063 15.9412 4.37914 1.25501 14.1034
508 9.44228 16.0357 -17.0144 1.27 31.75
509 9.07431 15.9423 4.37708 1.25553 14.1063
509 9.44228 16.0357 -17.0144 1.27 31.75
510 9.0782 15.9433 4.37497 1.25569 14.1092
510 9.44228 16.0357 -17.0144 1.27 31.75
511 9.0819 15.9438 4.37351 1.25523 14.1121
511 9.44228 16.0357 -17.0144 1.27 31.75
512 9.08558 15.9429 4.37344 1.25344 14.1149
512 9.44228 16.0357 -17.0144 1.27 31.75
513 9.08914 15.9418 4.37357 1.25181 14.1176
513 9.44228 16.0357 -17.0144 1.27 31.75
514 9.0928 15.94 4.37432 1.25134 14.1204
514 9.44228 16.0357 -17.0144 1.27 31.75
515 9.09642 15.9394 4.37389 1.25257 14.1231
515 9.44228 16.0357 -17.0144 1.27 31.75
516 9.09979 15.9398 4.37255 1.25365 14.1257
516 9.44228 16.0357 -17.0144 1.27 31.75
517 9.10284 15.9405 4.37103 1.2542 14.128
517 9.44228 16.0357 -17.0144 1.27 31.75
518 9.10578 15.9416 4.36903 1.25479 14.1302
518 9.44228 16.0357 -17.0144 1.27 31.75
519 9.10913 15.9413 4.36844 1.2551 14.1327
519 9.44228 16.0357 -17.0144 1.27 31.75
520 9.11117 15.94 4.3687 1.25539 14.137
520 9.44228 16.0357 -17.0144 1.27 31.75
521 9.11315 15.9394 4.36839 1.25487 14.1409
521 9.44228 16.0357 -17.0144 1.27 31.75
522 9.11509 15.9391 4.36789 1.25376 14.1446
522 9.44228 16.0357 -17.0144 1.27 31.75
523 9.11753 15.9387 4.3673 1.25202 14.1484
523 9.44228 16.0357 -17.0144 1.27 31.75
524 9.12011 15.9397 4.36535 1.25086 14.1521
524 9.44228 16.0357 -17.0144 1.27 31.75
525 9.12278 15.9401 4.36404 1.25047 14.1557
525 9.44228 16.0357 -17.0144 1.27 31.75
526 9.12563 15.94 4.36307 1.25083 14.1593
526 9.44228 16.0357 -17.0144 1.27 31.75
527 9.12839 15.9384 4.36359 1.25278 14.1626
527 9.44228 16.0357 -17.0144 1.27 31.75
528 9.13136 15.9373 4.36364 1.25545 14.166
528 9.44228 16.0357 -17.0144 1.27 31.75
529 9.13405 15.9367 4.36324 1.25724 14.1691
529 9.44228 16.0357 -17.0144 1.27 31.75
530 9.13677 15.9365 4.36253 1.2587 14.1721
530 9.44228 16.0357 -17.0144 1.27 31.75
531 9.13999 15.9372 4.36084 1.25761 14.1753
531 9.44228 16.0357 -17.0144 1.27 31.75
532 9.14306 15.9375 4.35965 1.25615 14.1784
532 9.44228 16.0357 -17.0144 1.27 31.75
533 9.14619 15.9357 4.36057 1.25402 14.1814
533 9.44228 16.0357 -17.0144 1.27 31.75
534 9.14903 15.9345 4.36093 1.25248 14.1841
534 9.44228 16.0357 -17.0144 1.27 31.75
535 9.15169 15.9348 4.35984 1.25132 14.1866
535 9.44228 16.0357 -17.0144 1.27 31.75
536 9.15441 15.9364 4.3575 1.25031 14.1892
536 9.44228 16.0357 -17.0144 1.27 31.75
537 9.15692 15.938 4.35504 1.25164 14.1915
537 9.44228 16.0357 -17.0144 1.27 31.75
538 9.16031 15.9379 4.35416 1.25313 14.1944
538 9.44228 16.0357 -17.0144 1.27 31.75
539 9.1635 15.9362 4.35487 1.25343 14.1971
539 9.44228 16.0357 -17.0144 1.27 31.75
540 9.16672 15.9346 4.35561 1.25407 14.1998
540 9.44228 16.0357 -17.0144 1.27 31.75
541 9.16841 15.9342 4.35512 1.25435 14.2038
541 9.44228 16.0357 -17.0144 1.27 31.75
542 9.16977 15.9335 4.35495 1.25464 14.2078
542 9.44228 16.0357 -17.0144 1.27 31.75
543 9.17131 15.9338 4.35383 1.25429 14.2116
543 9.44228 16.0357 -17.0144 1.27 31.75
544 9.17276 15.9346 4.35226 1.25328 14.2152
544 9.44228 16.0357 -17.0144 1.27 31.75
545 9.17449 15.9357 4.35033 1.25221 14.2187
545 9.44228 16.0357 -17.0144 1.27 31.75
546 9.17611 15.9356 4.34981 1.25122 14.2218
546 9.44228 16.0357 -17.0144 1.27 31.75
547 9.17771 15.934 4.35072 1.24997 14.2248
547 9.44228 16.0357 -17.0144 1.27 31.75
548 9.1798 15.9319 4.35197 1.25017 14.228
548 9.44228 16.0357 -17.0144 1.27 31.75
549 9.18235 15.931 4.3519 1.25131 14.2313
549 9.44228 16.0357 -17.0144 1.27 31.75
550 9.18484 15.9323 4.34974 1.25174 14.2345
550 9.44228 16.0357 -17.0144 1.27 31.75
551 9.18742 15.9341 4.34699 1.2533 14.2375
551 9.44228 16.0357 -17.0144 1.27 31.75
552 9.19022 15.9348 4.34535 1.25466 14.2407
552 9.44228 16.0357 -17.0144 1.27 31.75
553 9.19285 15.9338 4.34541 1.25593 14.2436
553 9.44228 16.0357 -17.0144 1.27 31.75
554 9.19548 15.9311 4.34735 1.25562 14.2464
554 9.44228 16.0357 -17.0144 1.27 31.75
555 9.19863 15.9288 4.34868 1.25415 14.2495
555 9.44228 16.0357 -17.0144 1.27 31.75
556 9.20194 15.9297 4.34685 1.25257 14.2526
556 9.44228 16.0357 -17.0144 1.27 31.75
557 9.20552 15.9318 4.34379 1.25047 14.2559
557 9.44228 16.0357 -17.0144 1.27 31.75
558 9.20931 15.9337 4.34094 1.24963 14.2592
558 9.44228 16.0357 -17.0144 1.27 31.75
559 9.21272 15.9332 4.34038 1.25043 14.2623
559 9.44228 16.0357 -17.0144 1.27 31.75
560 9.21603 15.9308 4.34178 1.25153 14.2652
560 9.44228 16.0357 -17.0144 1.27 31.75
561 9.21914 15.9279 4.34382 1.2519 14.2679
561 9.44228 16.0357 -17.0144 1.27 31.75
562 9.22219 15.9268 4.34403 1.25329 14.2705
562 9.44228 16.0357 -17.0144 1.27 31.75
563 9.22503 15.9283 4.34177 1.25341 14.2729
563 9.44228 16.0357 -17.0144 1.27 31.75
564 9.22815 15.9307 4.33855 1.25261 14.2755
564 9.44228 16.0357 -17.0144 1.27 31.75
565 9.23133 15.932 4.33639 1.25203 14.2782
565 9.44228 16.0357 -17.0144 1.27 31.75
566 9.23469 15.9314 4.33613 1.25041 14.2809
566 9.44228 16.0357 -17.0144 1.27 31.75
567 9.23781 15.9295 4.33723 1.24955 14.2834
567 9.44228 16.0357 -17.0144 1.27 31.75
568 9.24104 15.9276 4.33833 1.24807 14.286
568 9.44228 16.0357 -17.0144 1.27 31.75
569 9.244 15.9267 4.33849 1.24803 14.2884
569 9.44228 16.0357 -17.0144 1.27 31.75
570 9.24677 15.9275 4.33695 1.24818 14.2906
570 9.44228 16.0357 -17.0144 1.27 31.75
571 9.24992 15.9289 4.33468 1.24854 14.293
571 9.44228 16.0357 -17.0144 1.27 31.75
572 9.25315 15.9298 4.33289 1.25013 14.2956
572 9.44228 16.0357 -17.0144 1.27 31.75
573 9.25647 15.9289 4.33287 1.25208 14.2981
573 9.44228 16.0357 -17.0144 1.27 31.75
574 9.26004 15.9271 4.33376 1.25384 14.3009
574 9.44228 16.0357 -17.0144 1.27 31.75
575 9.26357 15.9261 4.33379 1.25534 14.3036
575 9.44228 16.0357 -17.0144 1.27 31.75
576 9.26731 15.9264 4.33246 1.2551 14.3064
576 9.44228 16.0357 -17.0144 1.27 31.75
577 9.27107 15.9275 4.33046 1.25435 14.3093
577 9.44228 16.0357 -17.0144 1.27 31.75
578 9.27483 15.9274 4.32962 1.25315 14.3121
578 9.44228 16.0357 -17.0144 1.27 31.75
579 9.27859 15.9261 4.33 1.25106 14.315
579 9.44228 16.0357 -17.0144 1.27 31.75
580 9.2824 15.9251 4.33016 1.24875 14.318
580 9.44228 16.0357 -17.0144 1.27 31.75
581 9.28694 15.9249 4.32911 1.24843 14.3216
581 9.44228 16.0357 -17.0144 1.27 31.75
582 9.29127 15.9254 4.32746 1.24921 14.325
582 9.44228 16.0357 -17.0144 1.27 31.75
583 9.29521 15.9258 4.326 1.24971 14.3283
583 9.44228 16.0357 -17.0144 1.27 31.75
584 9.29846 15.9265 4.32422 1.25172 14.3322
584 9.44228 16.0357 -17.0144 1.27 31.75
585 9.30183 15.926 4.32359 1.25424 14.3362
585 9.44228 16.0357 -17.0144 1.27 31.75
586 9.30523 15.9248 4.32363 1.25572 14.3399
586 9.44228 16.0357 -17.0144 1.27 31.75
587 9.30895 15.9238 4.32349 1.25624 14.3438
587 9.44228 16.0357 -17.0144 1.27 31.75
588 9.31231 15.9235 4.32285 1.25524 14.3474
588 9.44228 16.0357 -17.0144 1.27 31.75
589 9.31603 15.9225 4.32281 1.25202 14.3511
589 9.44228 16.0357 -17.0144 1.27 31.75
590 9.31946 15.923 4.32145 1.24933 14.3544
590 9.44228 16.0357 -17.0144 1.27 31.75
591 9.3232 15.9238 4.31971 1.24755 14.358
591 9.44228 16.0357 -17.0144 1.27 31.75
592 9.32669 15.9244 4.31809 1.24725 14.3612
592 9.44228 16.0357 -17.0144 1.27 31.75
593 9.32983 15.9244 4.3172 1.24791 14.3642
593 9.44228 16.0357 -17.0144 1.27 31.75
594 9.33338 15.9237 4.31689 1.24906 14.3673
594 9.44228 16.0357 -17.0144 1.27 31.75
595 9.3367 15.9223 4.31727 1.2512 14.3703
595 9.44228 16.0357 -17.0144 1.27 31.75
596 9.33979 15.9211 4.31751 1.25287 14.373
596 9.44228 16.0357 -17.0144 1.27 31.75
597 9.3411 15.9209 4.31693 1.2537 14.3773
597 9.44228 16.0357 -17.0144 1.27 31.75
598 9.34253 15.9209 4.31604 1.2542 14.3814
598 9.44228 16.0357 -17.0144 1.27 31.75
599 9.34398 15.9213 4.31489 1.25403 14.3852
599 9.44228 16.0357 -17.0144 1.27 31.75
600 9.34581 15.9225 4.31295 1.25346 14.389
600 9.44228 16.0357 -17.0144 1.27 31.75
601 9.34786 15.9232 4.31135 1.25224 14.3927
601 9.44228 16.0357 -17.0144 1.27 31.75
602 9.35014 15.9215 4.3123 1.24885 14.3964
602 9.44228 16.0357 -17.0144 1.27 31.75
603 9.35254 15.9195 4.31346 1.24724 14.3999
603 9.44228 16.0357 -17.0144 1.27 31.75
604 9.3547 15.9185 4.31367 1.24727 14.4031
604 9.44228 16.0357 -17.0144 1.27 31.75
605 9.35686 15.919 4.31242 1.2481 14.4062
605 9.44228 16.0357 -17.0144 1.27 31.75
606 9.3589 15.9201 4.31058 1.24985 14.409
606 9.44228 16.0357 -17.0144 1.27 31.75
607 9.36126 15.9207 4.30912 1.2516 14.4119
607 9.44228 16.0357 -17.0144 1.27 31.75
608 9.36339 15.9208 4.30831 1.25287 14.4145
608 9.44228 16.0357 -17.0144 1.27 31.75
609 9.36631 15.9198 4.30836 1.25435 14.4176
609 9.44228 16.0357 -17.0144 1.27 31.75
610 9.36894 15.9185 4.30893 1.25368 14.4205
610 9.44228 16.0357 -17.0144 1.27 31.75
611 9.37151 15.9179 4.30879 1.25203 14.4231
611 9.44228 16.0357 -17.0144 1.27 31.75
612 9.37389 15.9181 4.30794 1.24951 14.4256
612 9.44228 16.0357 -17.0144 1.27 31.75
613 9.37643 15.9193 4.30611 1.24838 14.4281
613 9.44228 16.0357 -17.0144 1.27 31.75
614 9.37915 15.9198 4.30485 1.24717 14.4307
614 9.44228 16.0357 -17.0144 1.27 31.75
615 9.38175 15.92 4.304 1.24688 14.4331
615 9.44228 16.0357 -17.0144 1.27 31.75
616 9.38426 15.9187 4.30458 1.24679 14.4354
616 9.44228 16.0357 -17.0144 1.27 31.75
617 9.38656 15.9172 4.30537 1.24769 14.4375
617 9.44228 16.0357 -17.0144 1.27 31.75
618 9.389 15.9174 4.30439 1.24967 14.4397
618 9.44228 16.0357 -17.0144 1.27 31.75
619 9.39124 15.9184 4.30276 1.25097 14.4417
619 9.44228 16.0357 -17.0144 1.27 31.75
620 9.39355 15.9183 4.3022 1.25184 14.4437
620 9.44228 16.0357 -17.0144 1.27 31.75
621 9.39573 15.9172 4.30279 1.25201 14.4456
621 9.44228 16.0357 -17.0144 1.27 31.75
622 9.39772 15.9159 4.30358 1.25106 14.4473
622 9.44228 16.0357 -17.0144 1.27 31.75
623 9.40024 15.9155 4.30333 1.25024 14.4494
623 9.44228 16.0357 -17.0144 1.27 31.75
624 9.4027 15.9163 4.30189 1.24966 14.4514
624 9.44228 16.0357 -17.0144 1.27 31.75
625 9.40512 15.9171 4.30046 1.2493 14.4534
625 9.44228 16.0357 -17.0144 1.27 31.75
626 9.40754 15.9185 4.29843 1.24945 14.4553
626 9.44228 16.0357 -17.0144 1.27 31.75
627 9.40976 15.9183 4.29804 1.24896 14.4571
627 9.44228 16.0357 -17.0144 1.27 31.75
628 9.41181 15.9167 4.29916 1.2479 14.4588
628 9.44228 16.0357 -17.0144 1.27 31.75
629 9.41403 15.9148 4.30047 1.24773 14.4605
629 9.44228 16.0357 -17.0144 1.27 31.75
630 9.41623 15.9142 4.30051 1.2473 14.4623
630 9.44228 16.0357 -17.0144 1.27 31.75
631 9.4186 15.915 4.29916 1.24743 14.4641
631 9.44228 16.0357 -17.0144 1.27 31.75
632 9.4213 15.9165 4.29696 1.24715 14.4662
632 9.44228 16.0357 -17.0144 1.27 31.75
633 9.42421 15.9178 4.29491 1.24815 14.4684
633 9.44228 16.0357 -17.0144 1.27 31.75
634 9.42698 15.9175 4.29442 1.24947 14.4707
634 9.44228 16.0357 -17.0144 1.27 31.75
635 9.42963 15.916 4.29522 1.25086 14.473
635 9.44228 16.0357 -17.0144 1.27 31.75
636 9.43218 15.9147 4.29575 1.25273 14.4751
636 9.44228 16.0357 -17.0144 1.27 31.75
637 9.43464 15.9152 4.29465 1.25376 14.4771
637 9.44228 16.0357 -17.0144 1.27 31.75
638 9.43727 15.9157 4.29349 1.25398 14.4792
638 9.44228 16.0357 -17.0144 1.27 31.75
639 9.44013 15.9152 4.29325 1.25299 14.4815
639 9.44228 16.0357 -17.0144 1.27 31.75
640 9.44273 15.9145 4.29332 1.25078 14.4835
640 9.44228 16.0357 -17.0144 1.27 31.75
641 9.44528 15.9141 4.2932 1.24822 14.4856
641 9.44228 16.0357 -17.0144 1.27 31.75
642 9.44784 15.9138 4.29286 1.24637 14.4876
642 9.44228 16.0357 -17.0144 1.27 31.75
643 9.45003 15.9142 4.29198 1.24571 14.4895
643 9.44228 16.0357 -17.0144 1.27 31.75
644 9.44944 15.9145 4.29111 1.24682 14.4933
644 9.44228 16.0357 -17.0144 1.27 31.75
645 9.44916 15.9144 4.29067 1.24851 14.4969
645 9.44228 16.0357 -17.0144 1.27 31.75
646 9.44988 15.9134 4.29095 1.24983 14.5009
646 9.44228 16.0357 -17.0144 1.27 31.75
647 9.45126 15.9127 4.29086 1.25077 14.505
647 9.44228 16.0357 -17.0144 1.27 31.75
648 9.45265 15.9129 4.2899 1.24993 14.5089
648 9.44228 16.0357 -17.0144 1.27 31.75
649 9.45394 15.9134 4.28871 1.24903 14.5123
649 9.44228 16.0357 -17.0144 1.27 31.75
650 9.45539 15.914 4.28744 1.24883 14.5157
650 9.44228 16.0357 -17.0144 1.27 31.75
651 9.45699 15.9139 4.28686 1.24956 14.5189
651 9.44228 16.0357 -17.0144 1.27 31.75
652 9.45866 15.9127 4.28737 1.24913 14.522
652 9.44228 16.0357 -17.0144 1.27 31.75
653 9.46024 15.9119 4.28757 1.24934 14.5248
653 9.44228 16.0357 -17.0144 1.27 31.75
654 9.4617 15.9117 4.28714 1.24972 14.5274
654 9.44228 16.0357 -17.0144 1.27 31.75
655 9.46339 15.9129 4.2853 1.25066 14.53
655 9.44228 16.0357 -17.0144 1.27 31.75
656 9.46492 15.9138 4.28386 1.25122 14.5324
656 9.44228 16.0357 -17.0144 1.27 31.75
657 9.46648 15.9126 4.28447 1.25056 14.5346
657 9.44228 16.0357 -17.0144 1.27 31.75
658 9.46816 15.9113 4.28529 1.24944 14.5368
658 9.44228 16.0357 -17.0144 1.27 31.75
659 9.47021 15.9104 4.28557 1.24771 14.5392
659 9.44228 16.0357 -17.0144 1.27 31.75
660 9.47251 15.9104 4.28491 1.24622 14.5418
660 9.44228 16.0357 -17.0144 1.27 31.75
661 9.47488 15.912 4.28266 1.24635 14.5442
661 9.44228 16.0357 -17.0144 1.27 31.75
662 9.47721 15.9131 4.28089 1.24699 14.5466
662 9.44228 16.0357 -17.0144 1.27 31.75
663 9.4797 15.9118 4.2814 1.24842 14.5491
663 9.44228 16.0357 -17.0144 1.27 31.75
664 9.48201 15.9096 4.28295 1.25021 14.5513
664 9.44228 16.0357 -17.0144 1.27 31.75
665 9.48493 15.9086 4.28314 1.25071 14.5539
665 9.44228 16.0357 -17.0144 1.27 31.75
666 9.48798 15.9085 4.28238 1.25061 14.5566
666 9.44228 16.0357 -17.0144 1.27 31.75
667 9.49073 15.9102 4.28002 1.25097 14.5591
667 9.44228 16.0357 -17.0144 1.27 31.75
668 9.49334 15.9117 4.27782 1.25181 14.5614
668 9.44228 16.0357 -17.0144 1.27 31.75
669 9.49579 15.9104 4.27847 1.25066 14.5635
669 9.44228 16.0357 -17.0144 1.27 31.75
670 9.49875 15.9084 4.27971 1.24936 14.566
670 9.44228 16.0357 -17.0144 1.27 31.75
671 9.50154 15.9079 4.27957 1.24857 14.5683
671 9.44228 16.0357 -17.0144 1.27 31.75
672 9.50442 15.9082 4.27857 1.24773 14.5707
672 9.44228 16.0357 -17.0144 1.27 31.75
673 9.50713 15.9088 4.27724 1.24778 14.5729
673 9.44228 16.0357 -17.0144 1.27 31.75
674 9.50975 15.9099 4.27548 1.24769 14.575
674 9.44228 16.0357 -17.0144 1.27 31.75
675 9.51218 15.9101 4.27466 1.24931 14.577
675 9.44228 16.0357 -17.0144 1.27 31.75
676 9.51468 15.9089 4.27514 1.25049 14.579
676 9.44228 16.0357 -17.0144 1.27 31.75
677 9.51698 15.908 4.27554 1.25044 14.5809
677 9.44228 16.0357 -17.0144 1.27 31.75
678 9.51928 15.9076 4.2753 1.25003 14.5827
678 9.44228 16.0357 -17.0144 1.27 31.75
679 9.52196 15.9084 4.27394 1.24896 14.5848
679 9.44228 16.0357 -17.0144 1.27 31.75
680 9.52479 15.9091 4.27245 1.24984 14.587
680 9.44228 16.0357 -17.0144 1.27 31.75
681 9.5275 15.9088 4.27217 1.24952 14.5891
681 9.44228 16.0357 -17.0144 1.27 31.75
682 9.52994 15.9078 4.27251 1.24881 14.591
682 9.44228 16.0357 -17.0144 1.27 31.75
683 9.53215 15.9069 4.27293 1.24743 14.5927
683 9.44228 16.0357 -17.0144 1.27 31.75
684 9.53418 15.9064 4.27301 1.24634 14.5943
684 9.44228 16.0357 -17.0144 1.27 31.75
685 9.53643 15.9068 4.27202 1.24631 14.596
685 9.44228 16.0357 -17.0144 1.27 31.75
686 9.53851 15.9076 4.27066 1.24733 14.5976
686 9.44228 16.0357 -17.0144 1.27 31.75
687 9.54075 15.9081 4.26961 1.2491 14.5994
687 9.44228 16.0357 -17.0144 1.27 31.75
688 9.5436 15.907 4.2699 1.25076 14.6015
688 9.44228 16.0357 -17.0144 1.27 31.75
689 9.54659 15.9053 4.27082 1.25147 14.6038
689 9.44228 16.0357 -17.0144 1.27 31.75
690 9.54948 15.9045 4.27094 1.25127 14.606
690 9.44228 16.0357 -17.0144 1.27 31.75
691 9.55223 15.9054 4.26947 1.25029 14.608
691 9.44228 16.0357 -17.0144 1.27 31.75
692 9.55508 15.9066 4.26764 1.24848 14.6102
692 9.44228 16.0357 -17.0144 1.27 31.75
693 9.55765 15.9071 4.26654 1.24723 14.6121
693 9.44228 16.0357 -17.0144 1.27 31.75
694 9.5601 15.9061 4.26706 1.24488 14.614
694 9.44228 16.0357 -17.0144 1.27 31.75
695 9.56273 15.9052 4.26725 1.24387 14.616
695 9.44228 16.0357 -17.0144 1.27 31.75
696 9.56517 15.9049 4.267 1.24349 14.6178
696 9.44228 16.0357 -17.0144 1.27 31.75
697 9.56747 15.905 4.26633 1.24499 14.6195
697 9.44228 16.0357 -17.0144 1.27 31.75
698 9.57036 15.9049 4.26558 1.24851 14.6217
698 9.44228 16.0357 -17.0144 1.27 31.75
699 9.57294 15.9051 4.26461 1.25162 14.6238
699 9.44228 16.0357 -17.0144 1.27 31.75
700 9.57527 15.9054 4.26376 1.25326 14.6258
700 9.44228 16.0357 -17.0144 1.27 31.75
701 9.5778 15.9051 4.26342 1.25318 14.6279
701 9.44228 16.0357 -17.0144 1.27 31.75
702 9.58013 15.9042 4.26379 1.25052 14.6298
702 9.44228 16.0357 -17.0144 1.27 31.75
703 9.58248 15.9036 4.26383 1.2482 14.6317
703 9.44228 16.0357 -17.0144 1.27 31.75
704 9.58365 15.9037 4.26334 1.24587 14.6341
704 9.44228 16.0357 -17.0144 1.27 31.75
705 9.58496 15.9053 4.26119 1.24644 14.6364
705 9.44228 16.0357 -17.0144 1.27 31.75
706 9.58615 15.9059 4.2601 1.24801 14.6386
706 9.44228 16.0357 -17.0144 1.27 31.75
707 9.58723 15.9052 4.26041 1.24878 14.6405
707 9.44228 16.0357 -17.0144 1.27 31.75
708 9.58889 15.9036 4.26141 1.24901 14.6428
708 9.44228 16.0357 -17.0144 1.27 31.75
709 9.5904 15.902 4.2625 1.24985 14.6448
709 9.44228 16.0357 -17.0144 1.27 31.75
710 9.59179 15.9025 4.26148 1.25026 14.6467
710 9.44228 16.0357 -17.0144 1.27 31.75
711 9.59349 15.9028 4.26072 1.2504 14.6487
711 9.44228 16.0357 -17.0144 1.27 31.75
712 9.59503 15.9031 4.26 1.24981 14.6505
712 9.44228 16.0357 -17.0144 1.27 31.75
713 9.59651 15.9028 4.25983 1.24888 14.6522
713 9.44228 16.0357 -17.0144 1.27 31.75
714 9.59813 15.9028 4.25944 1.24719 14.6539
714 9.44228 16.0357 -17.0144 1.27 31.75
715 9.59984 15.9027 4.25908 1.24683 14.6557
715 9.44228 16.0357 -17.0144 1.27 31.75
716 9.60189 15.9032 4.25807 1.2458 14.6577
716 9.44228 16.0357 -17.0144 1.27 31.75
717 9.60441 15.9034 4.25717 1.24655 14.66
717 9.44228 16.0357 -17.0144 1.27 31.75
718 9.60668 15.9036 4.2563 1.24962 14.662
718 9.44228 16.0357 -17.0144 1.27 31.75
719 9.60916 15.9031 4.25613 1.25174 14.6642
719 9.44228 16.0357 -17.0144 1.27 31.75
720 9.61139 15.9019 4.25674 1.25175 14.6661
720 9.44228 16.0357 -17.0144 1.27 31.75
721 9.61356 15.9005 4.25763 1.25063 14.668
721 9.44228 16.0357 -17.0144 1.27 31.75
722 9.61562 15.9004 4.25716 1.25008 14.6698
722 9.44228 16.0357 -17.0144 1.27 31.75
723 9.61776 15.9014 4.25567 1.24843 14.6716
723 9.44228 16.0357 -17.0144 1.27 31.75
724 9.61971 15.9019 4.25476 1.24752 14.6732
724 9.44228 16.0357 -17.0144 1.27 31.75
725 9.62152 15.9025 4.25374 1.24649 14.6748
725 9.44228 16.0357 -17.0144 1.27 31.75
726 9.62342 15.9022 4.25363 1.24497 14.6763
726 9.44228 16.0357 -17.0144 1.27 31.75
727 9.62537 15.9011 4.25417 1.24463 14.6779
727 9.44228 16.0357 -17.0144 1.27 31.75
728 9.6272 15.9002 4.25464 1.24566 14.6794
728 9.44228 16.0357 -17.0144 1.27 31.75
729 9.62939 15.8998 4.25441 1.24685 14.6812
729 9.44228 16.0357 -17.0144 1.27 31.75
730 9.63154 15.9009 4.25283 1.24687 14.6829
730 9.44228 16.0357 -17.0144 1.27 31.75
731 9.63447 15.9021 4.25092 1.24825 14.6852
731 9.44228 16.0357 -17.0144 1.27 31.75
732 9.63778 15.9022 4.24989 1.25005 14.6877
732 9.44228 16.0357 -17.0144 1.27 31.75
733 9.64094 15.9006 4.25067 1.25076 14.6902
733 9.44228 16.0357 -17.0144 1.27 31.75
734 9.64384 15.8986 4.252 1.24994 14.6924
734 9.44228 16.0357 -17.0144 1.27 31.75
735 9.64677 15.8978 4.2522 1.24858 14.6946
735 9.44228 16.0357 -17.0144 1.27 31.75
736 9.64948 15.8988 4.25061 1.24626 14.6967
736 9.44228 16.0357 -17.0144 1.27 31.75
737 9.65207 15.9004 4.24841 1.24598 14.6987
737 9.44228 16.0357 -17.0144 1.27 31.75
738 9.65462 15.9012 4.24701 1.2457 14.7007
738 9.44228 16.0357 -17.0144 1.27 31.75
739 9.65696 15.901 4.24654 1.24679 14.7027
739 9.44228 16.0357 -17.0144 1.27 31.75
740 9.65907 15.8993 4.2477 1.24754 14.7045
740 9.44228 16.0357 -17.0144 1.27 31.75
741 9.66132 15.8978 4.24867 1.24767 14.7064
741 9.44228 16.0357 -17.0144 1.27 31.75
742 9.66342 15.8976 4.24838 1.24697 14.7081
742 9.44228 16.0357 -17.0144 1.27 31.75
743 9.66537 15.8984 4.2471 1.24575 14.7097
743 9.44228 16.0357 -17.0144 1.27 31.75
744 9.66752 15.8998 4.24525 1.24517 14.7115
744 9.44228 16.0357 -17.0144 1.27 31.75
745 9.67042 15.9008 4.24353 1.24558 14.7138
745 9.44228 16.0357 -17.0144 1.27 31.75
746 9.6733 15.9003 4.24329 1.24709 14.7161
746 9.44228 16.0357 -17.0144 1.27 31.75
747 9.67588 15.8984 4.24446 1.24833 14.7181
747 9.44228 16.0357 -17.0144 1.27 31.75
748 9.67866 15.8966 4.24548 1.25003 14.7203
748 9.44228 16.0357 -17.0144 1.27 31.75
749 9.6812 15.8959 4.24565 1.25018 14.7223
749 9.44228 16.0357 -17.0144 1.27 31.75
750 9.68379 15.8967 4.2442 1.24928 14.7243
750 9.44228 16.0357 -17.0144 1.27 31.75
751 9.68518 15.8969 4.24353 1.24811 14.7268
751 9.44228 16.0357 -17.0144 1.27 31.75
752 9.68549 15.8983 4.24167 1.24756 14.7299
752 9.44228 16.0357 -17.0144 1.27 31.75
753 9.6858 15.8993 4.24032 1.24718 14.7327
753 9.44228 16.0357 -17.0144 1.27 31.75
754 9.68608 15.8992 4.24002 1.24635 14.7352
754 9.44228 16.0357 -17.0144 1.27 31.75
755 9.68681 15.8985 4.24036 1.24585 14.7378
755 9.44228 16.0357 -17.0144 1.27 31.75
756 9.68747 15.8969 4.24152 1.24646 14.7401
756 9.44228 16.0357 -17.0144 1.27 31.75
757 9.6881 15.8952 4.24277 1.24672 14.7423
757 9.44228 16.0357 -17.0144 1.27 31.75
758 9.68879 15.8947 4.24294 1.24669 14.7445
758 9.44228 16.0357 -17.0144 1.27 31.75
759 9.68944 15.8959 4.24127 1.24715 14.7466
759 9.44228 16.0357 -17.0144 1.27 31.75
760 9.6901 15.8968 4.24011 1.24718 14.7484
760 9.44228 16.0357 -17.0144 1.27 31.75
761 9.69069 15.8971 4.23952 1.24672 14.7501
761 9.44228 16.0357 -17.0144 1.27 31.75
762 9.69124 15.8974 4.23894 1.24657 14.7517
762 9.44228 16.0357 -17.0144 1.27 31.75
763 9.69236 15.8968 4.23913 1.24685 14.7536
763 9.44228 16.0357 -17.0144 1.27 31.75
764 9.6934 15.8957 4.23982 1.24704 14.7553
764 9.44228 16.0357 -17.0144 1.27 31.75
765 9.69434 15.8959 4.23928 1.24691 14.7568
765 9.44228 16.0357 -17.0144 1.27 31.75
766 9.6952 15.8968 4.2381 1.24741 14.7582
766 9.44228 16.0357 -17.0144 1.27 31.75
767 9.69651 15.8969 4.2376 1.24804 14.7598
767 9.44228 16.0357 -17.0144 1.27 31.75
768 9.69797 15.8964 4.23764 1.24858 14.7615
768 9.44228 16.0357 -17.0144 1.27 31.75
769 9.7 15.8955 4.23795 1.24874 14.7636
769 9.44228 16.0357 -17.0144 1.27 31.75
770 9.70218 15.8953 4.23759 1.24817 14.7657
770 9.44228 16.0357 -17.0144 1.27 31.75
771 9.70432 15.8956 4.2368 1.24699 14.7678
771 9.44228 16.0357 -17.0144 1.27 31.75
772 9.70658 15.8958 4.23605 1.24546 14.7699
772 9.44228 16.0357 -17.0144 1.27 31.75
773 9.70875 15.8958 4.23554 1.24494 14.7719
773 9.44228 16.0357 -17.0144 1.27 31.75
774 9.71099 15.8952 4.23557 1.24452 14.7739
774 9.44228 16.0357 -17.0144 1.27 31.75
775 9.71314 15.8953 4.23491 1.2452 14.7758
775 9.44228 16.0357 -17.0144 1.27 31.75
776 9.71509 15.8952 4.23447 1.24701 14.7775
776 9.44228 16.0357 -17.0144 1.27 31.75
777 9.71754 15.8946 4.23439 1.24918 14.7796
777 9.44228 16.0357 -17.0144 1.27 31.75
778 9.71976 15.8949 4.23344 1.25117 14.7814
778 9.44228 16.0357 -17.0144 1.27 31.75
779 9.72195 15.8941 4.23362 1.25225 14.7833
779 9.44228 16.0357 -17.0144 1.27 31.75
780 9.72409 15.8934 4.23392 1.25128 14.785
780 9.44228 16.0357 -17.0144 1.27 31.75
781 9.72602 15.8937 4.23322 1.24908 14.7866
781 9.44228 16.0357 -17.0144 1.27 31.75
782 9.72776 15.8948 4.23173 1.24646 14.7881
782 9.44228 16.0357 -17.0144 1.27 31.75
783 9.73017 15.8961 4.23 1.24431 14.79
783 9.44228 16.0357 -17.0144 1.27 31.75
784 9.73244 15.8954 4.23018 1.24267 14.7918
784 9.44228 16.0357 -17.0144 1.27 31.75
785 9.73471 15.8944 4.23064 1.24202 14.7936
785 9.44228 16.0357 -17.0144 1.27 31.75
786 9.73676 15.8933 4.23125 1.24198 14.7953
786 9.44228 16.0357 -17.0144 1.27 31.75
787 9.73915 15.8918 4.23213 1.24256 14.7972
787 9.44228 16.0357 -17.0144 1.27 31.75
788 9.7413 15.8924 4.2309 1.24504 14.7988
788 9.44228 16.0357 -17.0144 1.27 31.75
789 9.74355 15.8932 4.22949 1.24798 14.8006
789 9.44228 16.0357 -17.0144 1.27 31.75
790 9.74566 15.8941 4.22808 1.25004 14.8022
790 9.44228 16.0357 -17.0144 1.27 31.75
791 9.74756 15.8937 4.22802 1.25046 14.8037
791 9.44228 16.0357 -17.0144 1.27 31.75
792 9.74935 15.8927 4.22859 1.24924 14.8051
792 9.44228 16.0357 -17.0144 1.27 31.75
793 9.74896 15.8924 4.2286 1.24785 14.8079
793 9.44228 16.0357 -17.0144 1.27 31.75
794 9.74875 15.8921 4.22868 1.24575 14.8105
794 9.44228 16.0357 -17.0144 1.27 31.75
795 9.74878 15.8924 4.22806 1.24446 14.813
795 9.44228 16.0357 -17.0144 1.27 31.75
796 9.74917 15.8927 4.22735 1.24479 14.8156
796 9.44228 16.0357 -17.0144 1.27 31.75
797 9.74967 15.8925 4.22713 1.24586 14.818
797 9.44228 16.0357 -17.0144 1.27 31.75
798 9.75058 15.8923 4.22681 1.24733 14.8205
798 9.44228 16.0357 -17.0144 1.27 31.75
799 9.75143 15.892 4.22667 1.24811 14.8228
799 9.44228 16.0357 -17.0144 1.27 31.75
800 9.75234 15.8921 4.22615 1.24817 14.825
800 9.44228 16.0357 -17.0144 1.27 31.75
801 9.75333 15.8919 4.2259 1.2488 14.827
801 9.44228 16.0357 -17.0144 1.27 31.75
802 9.75436 15.8918 4.22566 1.24877 14.829
802 9.44228 16.0357 -17.0144 1.27 31.75
803 9.7558 15.8916 4.22534 1.24868 14.8312
803 9.44228 16.0357 -17.0144 1.27 31.75
804 9.75723 15.8911 4.2254 1.24802 14.8332
804 9.44228 16.0357 -17.0144 1.27 31.75
805 9.75852 15.8908 4.22536 1.24636 14.8351
805 9.44228 16.0357 -17.0144 1.27 31.75
806 9.75972 15.8911 4.22472 1.2449 14.8368
806 9.44228 16.0357 -17.0144 1.27 31.75
807 9.76125 15.8918 4.22358 1.24368 14.8386
807 9.44228 16.0357 -17.0144 1.27 31.75
808 9.76265 15.8928 4.22222 1.24414 14.8403
808 9.44228 16.0357 -17.0144 1.27 31.75
809 9.7643 15.8926 4.22187 1.24465 14.8421
809 9.44228 16.0357 -17.0144 1.27 31.75
810 9.76631 15.8914 4.22253 1.24468 14.8442
810 9.44228 16.0357 -17.0144 1.27 31.75
811 9.76838 15.89 4.22337 1.24551 14.8462
811 9.44228 16.0357 -17.0144 1.27 31.75
812 9.77077 15.8893 4.22342 1.24723 14.8484
812 9.44228 16.0357 -17.0144 1.27 31.75
813 9.77292 15.8891 4.22304 1.24856 14.8504
813 9.44228 16.0357 -17.0144 1.27 31.75
814 9.77499 15.8908 4.22072 1.24957 14.8523
814 9.44228 16.0357 -17.0144 1.27 31.75
815 9.77695 15.8919 4.21917 1.25002 14.8541
815 9.44228 16.0357 -17.0144 1.27 31.75
816 9.77901 15.8916 4.21896 1.24947 14.8559
816 9.44228 16.0357 -17.0144 1.27 31.75
817 9.78122 15.8908 4.21929 1.24793 14.8578
817 9.44228 16.0357 -17.0144 1.27 31.75
818 9.78362 15.889 4.22059 1.24495 14.8599
818 9.44228 16.0357 -17.0144 1.27 31.75
819 9.78583 15.8884 4.22061 1.24403 14.8617
819 9.44228 16.0357 -17.0144 1.27 31.75
820 9.78791 15.8896 4.21895 1.24452 14.8635
820 9.44228 16.0357 -17.0144 1.27 31.75
821 9.78979 15.8906 4.21742 1.24652 14.8651
821 9.44228 16.0357 -17.0144 1.27 31.75
822 9.79155 15.8906 4.2169 1.24783 14.8665
822 9.44228 16.0357 -17.0144 1.27 31.75
823 9.79347 15.8893 4.21773 1.24865 14.8681
823 9.44228 16.0357 -17.0144 1.27 31.75
824 9.79521 15.8876 4.21907 1.24818 14.8695
824 9.44228 16.0357 -17.0144 1.27 31.75
825 9.79704 15.8874 4.21883 1.24719 14.871
825 9.44228 16.0357 -17.0144 1.27 31.75
826 9.79901 15.8888 4.21703 1.24551 14.8726
826 9.44228 16.0357 -17.0144 1.27 31.75
827 9.80079 15.8904 4.21504 1.24378 14.874
827 9.44228 16.0357 -17.0144 1.27 31.75
828 9.8024 15.8901 4.21496 1.24421 14.8753
828 9.44228 16.0357 -17.0144 1.27 31.75
829 9.80386 15.8888 4.21596 1.24449 14.8765
829 9.44228 16.0357 -17.0144 1.27 31.75
830 9.80519 15.8882 4.21621 1.24595 14.8775
830 9.44228 16.0357 -17.0144 1.27 31.75
831 9.80644 15.8876 4.21649 1.24668 14.8785
831 9.44228 16.0357 -17.0144 1.27 31.75
832 9.80777 15.8873 4.21646 1.24635 14.8796
832 9.44228 16.0357 -17.0144 1.27 31.75
833 9.80899 15.8877 4.21581 1.24599 14.8806
833 9.44228 16.0357 -17.0144 1.27 31.75
834 9.81014 15.8884 4.21479 1.24536 14.8815
834 9.44228 16.0357 -17.0144 1.27 31.75
835 9.81117 15.8889 4.2141 1.24531 14.8823
835 9.44228 16.0357 -17.0144 1.27 31.75
836 9.81221 15.8889 4.21389 1.24545 14.8831
836 9.44228 16.0357 -17.0144 1.27 31.75
837 9.81366 15.888 4.21437 1.24637 14.8842
837 9.44228 16.0357 -17.0144 1.27 31.75
838 9.81511 15.8875 4.21455 1.24732 14.8853
838 9.44228 16.0357 -17.0144 1.27 31.75
839 9.81649 15.8872 4.21447 1.24794 14.8864
839 9.44228 16.0357 -17.0144 1.27 31.75
840 9.81856 15.8866 4.21458 1.24773 14.888
840 9.44228 16.0357 -17.0144 1.27 31.75
841 9.8214 15.8874 4.21319 1.24668 14.8901
841 9.44228 16.0357 -17.0144 1.27 31.75
842 9.82414 15.8887 4.21128 1.24505 14.8922
842 9.44228 16.0357 -17.0144 1.27 31.75
843 9.82662 15.8887 4.21084 1.24255 14.8941
843 9.44228 16.0357 -17.0144 1.27 31.75
844 9.82887 15.8876 4.2115 1.24089 14.8958
844 9.44228 16.0357 -17.0144 1.27 31.75
845 9.8309 15.8867 4.21182 1.24176 14.8974
845 9.44228 16.0357 -17.0144 1.27 31.75
846 9.83287 15.8867 4.21139 1.24374 14.8988
846 9.44228 16.0357 -17.0144 1.27 31.75
847 9.8347 15.8877 4.20984 1.24548 14.9002
847 9.44228 16.0357 -17.0144 1.27 31.75
848 9.83635 15.888 4.20918 1.24662 14.9015
848 9.44228 16.0357 -17.0144 1.27 31.75
849 9.83797 15.8871 4.20966 1.24764 14.9027
849 9.44228 16.0357 -17.0144 1.27 31.75
850 9.83943 15.8855 4.21086 1.24789 14.9038
850 9.44228 16.0357 -17.0144 1.27 31.75
851 9.84125 15.8849 4.21105 1.24871 14.9052
851 9.44228 16.0357 -17.0144 1.27 31.75
852 9.84307 15.8855 4.21004 1.24948 14.9066
852 9.44228 16.0357 -17.0144 1.27 31.75
853 9.84474 15.8869 4.20829 1.24968 14.9078
853 9.44228 16.0357 -17.0144 1.27 31.75
854 9.84625 15.8883 4.20658 1.24919 14.909
854 9.44228 16.0357 -17.0144 1.27 31.75
855 9.84797 15.887 4.20751 1.24689 14.9103
855 9.44228 16.0357 -17.0144 1.27 31.75
856 9.84953 15.8854 4.20886 1.2447 14.9115
856 9.44228 16.0357 -17.0144 1.27 31.75
857 9.85094 15.8847 4.20927 1.24333 14.9125
857 9.44228 16.0357 -17.0144 1.27 31.75
858 9.85244 15.885 4.20861 1.24223 14.9137
858 9.44228 16.0357 -17.0144 1.27 31.75
859 9.85386 15.8869 4.20637 1.24347 14.9147
859 9.44228 16.0357 -17.0144 1.27 31.75
860 9.85534 15.8879 4.20504 1.24474 14.9158
860 9.44228 16.0357 -17.0144 1.27 31.75
861 9.85704 15.8869 4.20556 1.24576 14.9171
861 9.44228 16.0357 -17.0144 1.27 31.75
862 9.85858 15.8851 4.20706 1.24678 14.9183
862 9.44228 16.0357 -17.0144 1.27 31.75
863 9.86011 15.8835 4.20824 1.2467 14.9194
863 9.44228 16.0357 -17.0144 1.27 31.75
864 9.86149 15.8831 4.20833 1.24692 14.9205
864 9.44228 16.0357 -17.0144 1.27 31.75
865 9.86229 15.8846 4.20657 1.24755 14.9219
865 9.44228 16.0357 -17.0144 1.27 31.75
866 9.86308 15.8869 4.20396 1.24813 14.9233
866 9.44228 16.0357 -17.0144 1.27 31.75
867 9.86382 15.8877 4.20287 1.24897 14.9245
867 9.44228 16.0357 -17.0144 1.27 31.75
868 9.86469 15.8862 4.20421 1.24755 14.9257
868 9.44228 16.0357 -17.0144 1.27 31.75
869 9.8662 15.8838 4.20622 1.24642 14.9274
869 9.44228 16.0357 -17.0144 1.27 31.75
870 9.86774 15.8824 4.20722 1.24556 14.9291
870 9.44228 16.0357 -17.0144 1.27 31.75
871 9.86941 15.8836 4.20563 1.24488 14.9308
871 9.44228 16.0357 -17.0144 1.27 31.75
872 9.87128 15.8859 4.20285 1.24583 14.9326
872 9.44228 16.0357 -17.0144 1.27 31.75
873 9.87296 15.8863 4.20201 1.24632 14.9342
873 9.44228 16.0357 -17.0144 1.27 31.75
874 9.8745 15.8861 4.20185 1.24669 14.9357
874 9.44228 16.0357 -17.0144 1.27 31.75
875 9.87589 15.8851 4.20246 1.24644 14.937
875 9.44228 16.0357 -17.0144 1.27 31.75
876 9.87729 15.8841 4.2032 1.24573 14.9383
876 9.44228 16.0357 -17.0144 1.27 31.75
877 9.87883 15.8829 4.20405 1.24524 14.9397
877 9.44228 16.0357 -17.0144 1.27 31.75
878 9.88052 15.8831 4.20344 1.2445 14.9412
878 9.44228 16.0357 -17.0144 1.27 31.75
879 9.88239 15.8837 4.20244 1.24433 14.9428
879 9.44228 16.0357 -17.0144 1.27 31.75
880 9.8842 15.8844 4.20126 1.24539 14.9444
880 9.44228 16.0357 -17.0144 1.27 31.75
881 9.88583 15.8845 4.20072 1.24738 14.9457
881 9.44228 16.0357 -17.0144 1.27 31.75
882 9.88735 15.8839 4.20096 1.24801 14.947
882 9.44228 16.0357 -17.0144 1.27 31.75
883 9.88896 15.8835 4.20099 1.24754 14.9484
883 9.44228 16.0357 -17.0144 1.27 31.75
884 9.88987 15.8835 4.20073 1.24528 14.95
884 9.44228 16.0357 -17.0144 1.27 31.75
885 9.89069 15.8832 4.20076 1.24347 14.9517
885 9.44228 16.0357 -17.0144 1.27 31.75
886 9.89149 15.8834 4.20027 1.24238 14.9533
886 9.44228 16.0357 -17.0144 1.27 31.75
887 9.89221 15.8831 4.20036 1.24084 14.9547
887 9.44228 16.0357 -17.0144 1.27 31.75
888 9.89286 15.8824 4.20083 1.24059 14.956
888 9.44228 16.0357 -17.0144 1.27 31.75
889 9.89354 15.8829 4.20006 1.24166 14.9572
889 9.44228 16.0357 -17.0144 1.27 31.75
890 9.89429 15.8839 4.19884 1.2428 14.9584
890 9.44228 16.0357 -17.0144 1.27 31.75
891 9.89533 15.8843 4.19805 1.24467 14.9598
891 9.44228 16.0357 -17.0144 1.27 31.75
892 9.89626 15.8833 4.19872 1.24604 14.961
892 9.44228 16.0357 -17.0144 1.27 31.75
893 9.89711 15.8817 4.20007 1.24606 14.9621
893 9.44228 16.0357 -17.0144 1.27 31.75
894 9.89786 15.8812 4.20029 1.24705 14.9631
894 9.44228 16.0357 -17.0144 1.27 31.75
895 9.89875 15.8824 4.19886 1.24746 14.9642
895 9.44228 16.0357 -17.0144 1.27 31.75
896 9.89967 15.884 4.19709 1.24742 14.9652
896 9.44228 16.0357 -17.0144 1.27 31.75
897 9.90093 15.8845 4.19621 1.24815 14.9665
897 9.44228 16.0357 -17.0144 1.27 31.75
898 9.90206 15.8845 4.19592 1.24746 14.9676
898 9.44228 16.0357 -17.0144 1.27 31.75
899 9.90323 15.8825 4.19778 1.24431 14.9687
899 9.44228 16.0357 -17.0144 1.27 31.75
900 9.9045 15.8799 4.20007 1.24175 14.9699
900 9.44228 16.0357 -17.0144 1.27 31.75
901 9.90564 15.8796 4.20023 1.23988 14.971
901 9.44228 16.0357 -17.0144 1.27 31.75
902 9.90756 15.8814 4.19799 1.24064 14.9726
902 9.44228 16.0357 -17.0144 1.27 31.75
903 9.90938 15.8838 4.19511 1.2428 14.9741
903 9.44228 16.0357 -17.0144 1.27 31.75
904 9.91101 15.884 4.19448 1.24412 14.9755
904 9.44228 16.0357 -17.0144 1.27 31.75
905 9.91261 15.8822 4.19584 1.24543 14.9769
905 9.44228 16.0357 -17.0144 1.27 31.75
906 9.91434 15.8802 4.19744 1.24684 14.9783
906 9.44228 16.0357 -17.0144 1.27 31.75
907 9.91597 15.88 4.1972 1.24776 14.9796
907 9.44228 16.0357 -17.0144 1.27 31.75
908 9.91791 15.8816 4.19521 1.24789 14.9812
908 9.44228 16.0357 -17.0144 1.27 31.75
909 9.91908 15.8829 4.19354 1.24728 14.983
909 9.44228 16.0357 -17.0144 1.27 31.75
910 9.92018 15.8826 4.19354 1.24606 14.9847
910 9.44228 16.0357 -17.0144 1.27 31.75
911 9.92151 15.8814 4.19443 1.24437 14.9865
911 9.44228 16.0357 -17.0144 1.27 31.75
912 9.92283 15.8806 4.19496 1.2433 14.9882
912 9.44228 16.0357 -17.0144 1.27 31.75
913 9.92426 15.8805 4.19459 1.24356 14.9899
913 9.44228 16.0357 -17.0144 1.27 31.75
914 9.92555 15.8806 4.19414 1.24547 14.9914
914 9.44228 16.0357 -17.0144 1.27 31.75
915 9.92733 15.8811 4.1931 1.24794 14.9933
915 9.44228 16.0357 -17.0144 1.27 31.75
916 9.92892 15.8816 4.19218 1.2489 14.9949
916 9.44228 16.0357 -17.0144 1.27 31.75
917 9.93051 15.8812 4.1922 1.24873 14.9965
917 9.44228 16.0357 -17.0144 1.27 31.75
918 9.93225 15.8804 4.19262 1.24707 14.9982
918 9.44228 16.0357 -17.0144 1.27 31.75
919 9.93419 15.8802 4.1924 1.24489 15
919 9.44228 16.0357 -17.0144 1.27 31.75
920 9.93609 15.88 4.19224 1.24404 15.0018
920 9.44228 16.0357 -17.0144 1.27 31.75
921 9.93788 15.8801 4.19176 1.24386 15.0034
921 9.44228 16.0357 -17.0144 1.27 31.75
922 9.93952 15.8809 4.19051 1.24454 15.0049
922 9.44228 16.0357 -17.0144 1.27 31.75
923 9.94101 15.8811 4.18998 1.24523 15.0062
923 9.44228 16.0357 -17.0144 1.27 31.75
924 9.94234 15.8799 4.19083 1.24588 15.0074
924 9.44228 16.0357 -17.0144 1.27 31.75
925 9.94356 15.879 4.1914 1.24607 15.0085
925 9.44228 16.0357 -17.0144 1.27 31.75
926 9.94521 15.8797 4.19039 1.24608 15.0099
926 9.44228 16.0357 -17.0144 1.27 31.75
927 9.94669 15.8811 4.18865 1.24667 15.0112
927 9.44228 16.0357 -17.0144 1.27 31.75
928 9.94803 15.8812 4.18825 1.24682 15.0123
928 9.44228 16.0357 -17.0144 1.27 31.75
929 9.94797 15.8803 4.18886 1.24611 15.015
929 9.44228 16.0357 -17.0144 1.27 31.75
930 9.94792 15.8777 4.1911 1.24554 15.0174
930 9.44228 16.0357 -17.0144 1.27 31.75
931 9.94808 15.8768 4.1917 1.24474 15.0197
931 9.44228 16.0357 -17.0144 1.27 31.75
932 9.94839 15.8781 4.19017 1.24265 15.0219
932 9.44228 16.0357 -17.0144 1.27 31.75
933 9.94869 15.8801 4.18797 1.24219 15.0239
933 9.44228 16.0357 -17.0144 1.27 31.75
934 9.949 15.8812 4.18662 1.24291 15.0257
934 9.44228 16.0357 -17.0144 1.27 31.75
935 9.94928 15.8809 4.18664 1.24368 15.0274
935 9.44228 16.0357 -17.0144 1.27 31.75
936 9.94953 15.8792 4.18809 1.24422 15.0288
936 9.44228 16.0357 -17.0144 1.27 31.75
937 9.94981 15.8772 4.18988 1.24498 15.0302
937 9.44228 16.0357 -17.0144 1.27 31.75
938 9.95034 15.8766 4.19012 1.24625 15.0317
938 9.44228 16.0357 -17.0144 1.27 31.75
939 9.95082 15.8781 4.18843 1.24728 15.033
939 9.44228 16.0357 -17.0144 1.27 31.75
940 9.95134 15.8809 4.18547 1.24836 15.0342
940 9.44228 16.0357 -17.0144 1.27 31.75
941 9.95203 15.8819 4.18422 1.24849 15.0355
941 9.44228 16.0357 -17.0144 1.27 31.75
942 9.95297 15.8805 4.18539 1.24616 15.0369
942 9.44228 16.0357 -17.0144 1.27 31.75
943 9.9539 15.8785 4.18721 1.24371 15.0382
943 9.44228 16.0357 -17.0144 1.27 31.75
944 9.95502 15.8773 4.18811 1.2414 15.0397
944 9.44228 16.0357 -17.0144 1.27 31.75
945 9.95602 15.8772 4.18802 1.24066 15.0409
945 9.44228 16.0357 -17.0144 1.27 31.75
946 9.957 15.8776 4.18729 1.24201 15.0421
946 9.44228 16.0357 -17.0144 1.27 31.75
947 9.95787 15.8792 4.18547 1.24285 15.0432
947 9.44228 16.0357 -17.0144 1.27 31.75
948 9.95873 15.8797 4.18476 1.24311 15.0442
948 9.44228 16.0357 -17.0144 1.27 31.75
949 9.9595 15.8799 4.1843 1.24433 15.0451
949 9.44228 16.0357 -17.0144 1.27 31.75
950 9.96024 15.879 4.18491 1.24659 15.046
950 9.44228 16.0357 -17.0144 1.27 31.75
951 9.96122 15.8775 4.18617 1.24776 15.047
951 9.44228 16.0357 -17.0144 1.27 31.75
952 9.9632 15.876 4.18716 1.24766 15.0487
952 9.44228 16.0357 -17.0144 1.27 31.75
953 9.96544 15.8765 4.18628 1.24548 15.0506
953 9.44228 16.0357 -17.0144 1.27 31.75
954 9.9676 15.8785 4.18392 1.24331 15.0525
954 9.44228 16.0357 -17.0144 1.27 31.75
955 9.96994 15.88 4.18201 1.2413 15.0544
955 9.44228 16.0357 -17.0144 1.27 31.75
956 9.9724 15.8799 4.18164 1.24055 15.0564
956 9.44228 16.0357 -17.0144 1.27 31.75
957 9.97481 15.8781 4.18283 1.24071 15.0584
957 9.44228 16.0357 -17.0144 1.27 31.75
958 9.97705 15.8763 4.18412 1.24148 15.0602
958 9.44228 16.0357 -17.0144 1.27 31.75
959 9.97906 15.8758 4.18415 1.24342 15.0618
959 9.44228 16.0357 -17.0144 1.27 31.75
960 9.98094 15.8765 4.18296 1.24585 15.0634
960 9.44228 16.0357 -17.0144 1.27 31.75
961 9.98278 15.8774 4.1817 1.2471 15.0648
961 9.44228 16.0357 -17.0144 1.27 31.75
962 9.98444 15.8785 4.18025 1.24679 15.0662
962 9.44228 16.0357 -17.0144 1.27 31.75
963 9.98602 15.8778 4.18058 1.24616 15.0675
963 9.44228 16.0357 -17.0144 1.27 31.75
964 9.98744 15.8769 4.18125 1.24557 15.0686
964 9.44228 16.0357 -17.0144 1.27 31.75
965 9.98888 15.8762 4.18167 1.24372 15.0697
965 9.44228 16.0357 -17.0144 1.27 31.75
966 9.9906 15.8757 4.18187 1.24296 15.0711
966 9.44228 16.0357 -17.0144 1.27 31.75
967 9.99219 15.8766 4.1806 1.24227 15.0723
967 9.44228 16.0357 -17.0144 1.27 31.75
968 9.99362 15.878 4.17903 1.24144 15.0735
968 9.44228 16.0357 -17.0144 1.27 31.75
969 9.99502 15.8783 4.17842 1.24202 15.0746
969 9.44228 16.0357 -17.0144 1.27 31.75
970 9.9963 15.8774 4.17895 1.24359 15.0756
970 9.44228 16.0357 -17.0144 1.27 31.75
971 9.99746 15.8762 4.17993 1.24386 15.0765
971 9.44228 16.0357 -17.0144 1.27 31.75
972 9.99864 15.8759 4.17994 1.24394 15.0774
972 9.44228 16.0357 -17.0144 1.27 31.75
973 9.99979 15.8757 4.17987 1.24388 15.0783
973 9.44228 16.0357 -17.0144 1.27 31.75
974 10.0011 15.8765 4.17884 1.24401 15.0793
974 9.44228 16.0357 -17.0144 1.27 31.75
975 10.0028 15.8774 4.17757 1.24363 15.0807
975 9.44228 16.0357 -17.0144 1.27 31.75
976 10.0044 15.8768 4.17789 1.24304 15.0819
976 9.44228 16.0357 -17.0144 1.27 31.75
977 10.0061 15.8756 4.17883 1.24094 15.0832
977 9.44228 16.0357 -17.0144 1.27 31.75
978 10.0077 15.8744 4.17974 1.24033 15.0843
978 9.44228 16.0357 -17.0144 1.27 31.75
979 10.009 15.8744 4.17939 1.24127 15.0854
979 9.44228 16.0357 -17.0144 1.27 31.75
980 10.0105 15.8757 4.17778 1.24297 15.0865
980 9.44228 16.0357 -17.0144 1.27 31.75
981 10.0119 15.8772 4.1759 1.24617 15.0876
981 9.44228 16.0357 -17.0144 1.27 31.75
982 10.0135 15.8767 4.17595 1.24834 15.0888
982 9.44228 16.0357 -17.0144 1.27 31.75
983 10.0149 15.8755 4.17691 1.24849 15.0899
983 9.44228 16.0357 -17.0144 1.27 31.75
984 10.0167 15.8745 4.17755 1.24689 15.0913
984 9.44228 16.0357 -17.0144 1.27 31.75
985 10.0185 15.874 4.17774 1.24411 15.0926
985 9.44228 16.0357 -17.0144 1.27 31.75
986 10.0202 15.8748 4.17668 1.24158 15.0939
986 9.44228 16.0357 -17.0144 1.27 31.75
987 10.0217 15.8762 4.17502 1.24085 15.095
987 9.44228 16.0357 -17.0144 1.27 31.75
988 10.023 15.8769 4.1741 1.24236 15.096
988 9.44228 16.0357 -17.0144 1.27 31.75
989 10.0242 15.8767 4.17397 1.24363 15.0969
989 9.44228 16.0357 -17.0144 1.27 31.75
990 10.0253 15.8759 4.1745 1.24546 15.0978
990 9.44228 16.0357 -17.0144 1.27 31.75
991 10.0268 15.8742 4.17582 1.24738 15.0989
991 9.44228 16.0357 -17.0144 1.27 31.75
992 10.0281 15.8734 4.17628 1.24847 15.0999
992 9.44228 16.0357 -17.0144 1.27 31.75
993 10.0293 15.8735 4.176 1.2477 15.1008
993 9.44228 16.0357 -17.0144 1.27 31.75
994 10.0304 15.8744 4.17492 1.24582 15.1017
994 9.44228 16.0357 -17.0144 1.27 31.75
995 10.0316 15.876 4.17316 1.24477 15.1025
995 9.44228 16.0357 -17.0144 1.27 31.75
996 10.0326 15.8766 4.1723 1.24441 15.1033
996 9.44228 16.0357 -17.0144 1.27 31.75
997 10.0337 15.8756 4.17319 1.24352 15.1041
997 9.44228 16.0357 -17.0144 1.27 31.75
998 10.0347 15.8738 4.17474 1.24292 15.1049
998 9.44228 16.0357 -17.0144 1.27 31.75
999 10.0356 15.8725 4.17583 1.24252 15.1056
999 9.44228 16.0357 -17.0144 1.27 31.75
1000 10.0365 15.8732 4.17504 1.24157 15.1062
1000 9.44228 16.0357 -17.0144 1.27 31.75
