1 -0.1 1.25189 0.1 0.5556 0.2556
2 -0.0900017 1.24189 0.0900023 0.545601 0.245608
3 -0.0818279 1.2325 0.0801549 0.535815 0.251408
4 -0.0759901 1.2231 0.07038 0.525925 0.258931
5 -0.0740075 1.21463 0.0612754 0.51599 0.267398
6 -0.0712186 1.20593 0.052012 0.506001 0.275941
7 -0.0655565 1.19698 0.0425524 0.495989 0.280526
8 -0.0584935 1.19539 0.0386605 0.486854 0.281665
9 -0.051484 1.19795 0.0393529 0.479191 0.281933
10 -0.0453068 1.20222 0.0420148 0.472299 0.283
11 -0.0396436 1.20765 0.046034 0.465865 0.285003
12 -0.034879 1.2137 0.0507787 0.459317 0.288325
13 -0.0313666 1.21894 0.054716 0.452175 0.293264
14 -0.0279971 1.22332 0.0577898 0.444538 0.299268
15 -0.0252719 1.2264 0.0594991 0.436278 0.306192
16 -0.0224094 1.22848 0.0601947 0.427579 0.313744
17 -0.0198698 1.22946 0.0597964 0.418553 0.321747
18 -0.0174011 1.22931 0.0583079 0.409196 0.330302
19 -0.0142393 1.22903 0.0566672 0.399703 0.338865
20 -0.00973092 1.22881 0.0549759 0.390089 0.346406
21 -0.00368469 1.22925 0.0539852 0.381092 0.352791
22 0.00254946 1.23114 0.0544028 0.372322 0.357709
23 0.00761825 1.23413 0.0558359 0.363839 0.359481
24 0.0107558 1.23785 0.057974 0.355699 0.359405
25 0.0109194 1.24133 0.0599176 0.348283 0.358019
26 0.00910062 1.24281 0.0599404 0.341108 0.355972
27 0.00549346 1.24264 0.0584093 0.334156 0.353197
28 0.000968046 1.24197 0.0565049 0.328122 0.350242
29 -0.00327463 1.24084 0.0543251 0.322887 0.347916
30 -0.00660481 1.23983 0.0524813 0.318713 0.34663
31 -0.00905407 1.23917 0.0511477 0.315566 0.345823
32 -0.010406 1.23894 0.0504015 0.313448 0.345326
33 -0.0105398 1.23887 0.0499255 0.312147 0.344856
34 -0.00982655 1.23903 0.0497882 0.311612 0.344536
35 -0.00855123 1.23928 0.0498606 0.311773 0.344471
36 -0.00680717 1.23968 0.0501855 0.312557 0.344737
37 -0.00488575 1.24075 0.051317 0.314274 0.345563
38 -0.00268423 1.24154 0.052318 0.316559 0.34709
39 -0.000384093 1.24137 0.0525657 0.31964 0.349624
40 0.00168809 1.24128 0.0529657 0.32304 0.352576
41 0.00325488 1.24138 0.0535991 0.326773 0.355329
42 0.00366145 1.24176 0.054485 0.330829 0.357041
43 0.00284575 1.24172 0.0548466 0.334753 0.357209
44 0.00124561 1.24123 0.0546625 0.338591 0.356047
45 -0.000698127 1.24031 0.0540022 0.342344 0.354133
46 -0.0023064 1.23893 0.052871 0.346038 0.351797
47 -0.00337329 1.23768 0.0518425 0.349398 0.349695
48 -0.00383854 1.23652 0.0509075 0.352452 0.348084
49 -0.00373618 1.23543 0.0500576 0.355229 0.347156
50 -0.00306843 1.23544 0.0502629 0.357284 0.34725
51 -0.00216201 1.23647 0.0514213 0.358617 0.347985
52 -0.000834722 1.23815 0.0531989 0.359429 0.349467
53 0.000560388 1.23963 0.0548142 0.360167 0.351457
54 0.00161403 1.23943 0.0546697 0.359959 0.353465
55 0.00188462 1.23791 0.0530804 0.358949 0.354678
56 0.00107218 1.23661 0.0516368 0.358032 0.354561
57 9.36525e-05 1.23613 0.0509057 0.356875 0.353725
58 -0.000940341 1.2368 0.0511846 0.355296 0.352076
59 -0.00166243 1.23743 0.0514381 0.353862 0.350319
60 -0.00197064 1.23799 0.0516681 0.35256 0.348892
61 -0.00185531 1.23845 0.0518774 0.351379 0.34818
62 -0.00142734 1.23882 0.0520678 0.350308 0.348267
63 -0.000796726 1.23909 0.0522402 0.349336 0.349136
64 -0.000293941 1.23931 0.0523971 0.348454 0.350406
65 8.09685e-05 1.23948 0.0525397 0.347655 0.351931
66 0.000182346 1.23963 0.052669 0.346929 0.353353
67 0.000156995 1.23978 0.0527734 0.346278 0.354234
68 -2.38187e-05 1.23991 0.0528176 0.345716 0.354327
69 -0.000150089 1.24005 0.0528186 0.345228 0.353667
70 -8.43993e-05 1.24013 0.0527378 0.344832 0.352493
71 -7.80135e-05 1.24005 0.0525156 0.344558 0.351197
72 -3.80687e-05 1.23972 0.0520993 0.344431 0.350315
73 8.37318e-05 1.23935 0.051683 0.344338 0.349933
74 0.000179992 1.23896 0.0512812 0.344268 0.350022
75 0.000172083 1.23857 0.0509262 0.344218 0.350612
76 7.29367e-05 1.23821 0.050608 0.344176 0.351325
77 -5.47888e-05 1.23792 0.0503725 0.344167 0.352056
78 -0.00030861 1.23788 0.0503844 0.344287 0.352698
79 -0.000538765 1.23801 0.0505429 0.344479 0.353012
80 -0.000617852 1.23835 0.0508764 0.344761 0.352683
81 -0.000469387 1.23879 0.0512925 0.34508 0.352053
82 -0.000223346 1.23919 0.0516694 0.34537 0.351522
83 2.48594e-05 1.23955 0.052011 0.345632 0.351057
84 0.000118162 1.23985 0.0523161 0.345873 0.350878
85 1.38356e-05 1.24008 0.0525848 0.346095 0.351177
86 -0.000166532 1.24026 0.0528232 0.3463 0.351721
87 -0.0002907 1.24022 0.0528555 0.346589 0.352315
88 -0.000338398 1.24 0.052716 0.346946 0.3527
89 -0.000335691 1.23983 0.0525898 0.34727 0.352816
90 -0.000258033 1.23969 0.0524754 0.347563 0.352704
91 -0.000185406 1.23957 0.0523719 0.347829 0.352471
92 -0.000108537 1.23946 0.0522618 0.348078 0.352042
93 -2.80251e-05 1.23933 0.0521349 0.348319 0.351643
94 -0.000184801 1.23921 0.0520205 0.348538 0.351394
95 -0.000606134 1.23908 0.0519171 0.348735 0.351397
96 -0.000969461 1.23895 0.0518236 0.348915 0.35155
97 -0.000861221 1.23884 0.0517391 0.349077 0.351641
98 -0.000398569 1.23873 0.0516629 0.349224 0.351792
99 8.15514e-05 1.23865 0.0515939 0.349357 0.351796
100 0.000443833 1.23856 0.0515315 0.349477 0.351939
101 0.000537723 1.23848 0.0514751 0.349586 0.352
102 0.000394368 1.23842 0.051424 0.349684 0.351936
103 -4.99872e-05 1.23839 0.0513779 0.349773 0.35164
104 -0.000423404 1.23836 0.0513364 0.349854 0.351349
105 -0.000800728 1.23833 0.0512991 0.349927 0.351201
106 -0.00112557 1.23828 0.0512655 0.349993 0.351211
107 -0.00113693 1.23822 0.0512352 0.350053 0.351534
108 -0.000594115 1.23818 0.0512081 0.350108 0.35166
109 7.37333e-05 1.23815 0.0511839 0.350157 0.351666
110 0.000644772 1.23811 0.0511622 0.350202 0.35175
111 0.000828594 1.23808 0.0511429 0.350242 0.351815
112 0.000483403 1.23806 0.0511253 0.350279 0.351808
113 -0.000125237 1.23804 0.0511098 0.350312 0.351881
114 -0.000627886 1.23803 0.0510961 0.350343 0.351808
115 -0.000907456 1.23802 0.0510838 0.35037 0.351647
116 -0.000757862 1.23803 0.051073 0.350395 0.351367
117 -0.000407851 1.23802 0.0510633 0.350418 0.351329
118 0.000191002 1.238 0.0510545 0.350439 0.351401
119 0.000462975 1.23799 0.0510466 0.350457 0.351521
120 0.00042394 1.23796 0.0510396 0.350474 0.351681
121 0.000153809 1.23796 0.0510332 0.35049 0.351676
