1 -0.1 1.25189 0.1 0.5556 0.2556
2 -0.090007 1.24189 0.0900017 0.5456 0.245601
3 -0.0827783 1.23282 0.0803552 0.536011 0.236007
4 -0.0856566 1.22391 0.0708471 0.526238 0.226749
5 -0.0901677 1.21627 0.0621346 0.516386 0.218083
6 -0.0905533 1.20839 0.0532826 0.506464 0.210111
7 -0.0923814 1.20017 0.0442443 0.496515 0.202029
8 -0.0936159 1.19663 0.0387178 0.48715 0.194023
9 -0.0981221 1.19588 0.0356384 0.478288 0.186029
10 -0.102943 1.19717 0.0344527 0.469836 0.177503
11 -0.106336 1.20001 0.0348206 0.461706 0.168952
12 -0.111189 1.20425 0.036681 0.453746 0.160185
13 -0.112351 1.20932 0.0394811 0.446047 0.151626
14 -0.113405 1.21502 0.0430369 0.438587 0.143264
15 -0.114886 1.22136 0.0473698 0.43126 0.13502
16 -0.11615 1.22659 0.0505507 0.423442 0.128878
17 -0.118625 1.23074 0.0525958 0.415149 0.123924
18 -0.121539 1.23361 0.0533775 0.406535 0.119663
19 -0.124195 1.23533 0.053002 0.397583 0.115574
20 -0.12657 1.2366 0.052163 0.388444 0.111598
21 -0.129171 1.23589 0.0496294 0.379372 0.108205
22 -0.129551 1.23478 0.0466931 0.370063 0.106917
23 -0.130734 1.23511 0.0452264 0.361095 0.106283
24 -0.132462 1.2367 0.0450937 0.352478 0.106114
25 -0.132565 1.23972 0.0465642 0.34471 0.107739
26 -0.132925 1.24248 0.0479039 0.337634 0.109479
27 -0.134272 1.24497 0.0491244 0.331188 0.111704
28 -0.136725 1.24714 0.0501761 0.325345 0.114521
29 -0.140454 1.2491 0.0511342 0.320022 0.118094
30 -0.144156 1.25085 0.0519878 0.315182 0.121552
31 -0.148663 1.25242 0.0527655 0.310772 0.125484
32 -0.153588 1.25252 0.0521406 0.306101 0.129632
33 -0.158839 1.25259 0.0515714 0.301846 0.133944
34 -0.164231 1.25199 0.0504694 0.29828 0.138294
35 -0.168699 1.2507 0.0488002 0.295389 0.142985
36 -0.173757 1.24945 0.0472303 0.292782 0.14814
37 -0.17884 1.24829 0.0458006 0.290407 0.153162
38 -0.183737 1.24722 0.0444989 0.288245 0.158189
39 -0.18838 1.24625 0.0433137 0.286277 0.163043
40 -0.193225 1.24534 0.0422349 0.284485 0.167927
41 -0.190193 1.24478 0.0412506 0.282853 0.16694
42 -0.186097 1.2444 0.0404088 0.281395 0.16473
43 -0.182658 1.2453 0.0409319 0.280752 0.163209
44 -0.179066 1.2462 0.0414945 0.280213 0.162407
45 -0.175804 1.24702 0.0420062 0.279722 0.161683
46 -0.172728 1.24774 0.0424717 0.279276 0.16188
47 -0.170348 1.24838 0.0428949 0.27887 0.162453
48 -0.16856 1.24877 0.0431236 0.278584 0.163324
49 -0.167086 1.24848 0.0427509 0.278632 0.164257
50 -0.16594 1.24785 0.0420898 0.278848 0.165287
51 -0.166115 1.24721 0.0414889 0.279044 0.167339
52 -0.166642 1.24662 0.0409429 0.279222 0.169549
53 -0.167412 1.24606 0.0404468 0.279384 0.171829
54 -0.168112 1.24556 0.0399966 0.279531 0.1739
55 -0.168765 1.24525 0.0397411 0.279746 0.175798
56 -0.168033 1.24577 0.0403415 0.280386 0.179222
57 -0.167654 1.24625 0.0409079 0.280978 0.182595
58 -0.167367 1.24669 0.0414222 0.281515 0.185711
59 -0.16732 1.24707 0.0418891 0.282003 0.188737
60 -0.165121 1.24746 0.0423129 0.282446 0.191927
61 -0.160797 1.24792 0.0426977 0.282848 0.193496
62 -0.156741 1.24834 0.0430469 0.283213 0.195097
63 -0.153274 1.24871 0.0433637 0.283544 0.196764
64 -0.150453 1.24895 0.0435811 0.283882 0.198665
65 -0.148009 1.24904 0.0436829 0.28424 0.200704
66 -0.145971 1.25093 0.0456339 0.285663 0.202998
67 -0.144123 1.25263 0.0474035 0.286954 0.205079
68 -0.142756 1.25416 0.0490085 0.288125 0.207275
69 -0.141629 1.25558 0.0505009 0.289207 0.209378
70 -0.140981 1.25672 0.0517419 0.290249 0.211853
71 -0.140314 1.25696 0.0521543 0.291579 0.214333
72 -0.140012 1.25625 0.0517017 0.293236 0.217074
73 -0.13948 1.25559 0.0512914 0.294737 0.220065
74 -0.137254 1.2551 0.0509198 0.296098 0.220991
75 -0.134555 1.2547 0.0505831 0.297332 0.221141
76 -0.131963 1.2543 0.0502779 0.298449 0.222379
77 -0.129428 1.25391 0.0500013 0.299462 0.224334
78 -0.127585 1.25353 0.0497508 0.30038 0.226548
79 -0.12556 1.25317 0.0495237 0.301212 0.228904
80 -0.123994 1.2504 0.0470832 0.303215 0.231354
81 -0.122102 1.24801 0.044992 0.305097 0.23369
82 -0.119607 1.24587 0.0430978 0.306801 0.235626
83 -0.116456 1.24396 0.0413821 0.308345 0.237023
84 -0.112952 1.24256 0.0401445 0.30992 0.23813
85 -0.109837 1.24069 0.0384823 0.311651 0.239189
86 -0.107352 1.23898 0.0369771 0.313219 0.240629
87 -0.105365 1.23739 0.0356142 0.314638 0.242522
88 -0.103449 1.23493 0.0334958 0.316649 0.244873
89 -0.101443 1.23269 0.0315779 0.31847 0.24727
90 -0.0996758 1.23063 0.0298416 0.320119 0.250376
91 -0.0974712 1.23214 0.0313772 0.320656 0.252927
92 -0.0949798 1.23539 0.0344675 0.320106 0.255153
93 -0.0920912 1.24011 0.0391205 0.320774 0.257882
94 -0.0896757 1.24435 0.043332 0.321379 0.26092
95 -0.0881493 1.24773 0.0467544 0.322161 0.264311
96 -0.0871239 1.25076 0.0498516 0.322869 0.267909
97 -0.0856023 1.24919 0.0483013 0.322641 0.27109
98 -0.0830199 1.24782 0.0468981 0.322435 0.272916
99 -0.0800639 1.24661 0.0456283 0.322249 0.274081
100 -0.0770303 1.24552 0.0444794 0.32208 0.274858
101 -0.0744721 1.24493 0.043876 0.322219 0.276301
102 -0.0719754 1.24534 0.0446244 0.325709 0.278177
103 -0.0695093 1.24433 0.0440874 0.329637 0.281188
104 -0.0671927 1.24339 0.0435986 0.333206 0.284733
105 -0.0648796 1.24255 0.0431948 0.336459 0.288564
106 -0.0623643 1.24194 0.0430033 0.339512 0.292329
107 -0.0594857 1.23925 0.0408474 0.34353 0.295487
108 -0.0545485 1.23691 0.0388975 0.347165 0.29657
109 -0.0502297 1.23604 0.0382785 0.34971 0.297724
110 -0.0460989 1.23724 0.0395375 0.350815 0.299187
111 -0.0423462 1.24033 0.0425077 0.350587 0.300583
112 -0.0387442 1.24311 0.0451936 0.350381 0.302201
113 -0.0353669 1.24537 0.0473886 0.350349 0.303784
114 -0.0321373 1.24433 0.0461198 0.34818 0.305389
115 -0.0290957 1.24097 0.0424346 0.344475 0.30706
116 -0.0262843 1.23794 0.0391407 0.341152 0.309429
117 -0.0238739 1.23518 0.0361625 0.338146 0.311942
118 -0.0213327 1.23432 0.0349763 0.334418 0.314717
119 -0.0188794 1.23561 0.0357896 0.329768 0.31738
120 -0.0165992 1.23676 0.0365249 0.325564 0.320071
121 -0.0150236 1.23778 0.0371896 0.321764 0.32325
122 -0.0133028 1.23841 0.0375468 0.318499 0.326524
123 -0.0118605 1.23897 0.0378696 0.315548 0.329928
124 -0.0105798 1.23946 0.0381614 0.312881 0.333315
125 -0.00941298 1.2399 0.0384252 0.31047 0.336386
126 -0.00891669 1.24028 0.0386637 0.30829 0.339705
127 -0.00834032 1.24059 0.038868 0.306328 0.342965
128 -0.00741067 1.24079 0.0389887 0.3046 0.346473
129 -0.00541481 1.24084 0.0389439 0.303184 0.348701
130 -0.00316284 1.24045 0.0385012 0.302185 0.350568
131 -0.000963249 1.23986 0.037889 0.301506 0.352327
132 0.00163088 1.23987 0.0378881 0.301409 0.35332
133 0.00246726 1.2406 0.0385777 0.301849 0.352706
134 0.00145618 1.24097 0.0388891 0.302476 0.351146
135 0.000331547 1.24066 0.038588 0.30345 0.349808
136 -0.000664305 1.24027 0.038213 0.304402 0.34862
137 -0.00065506 1.23993 0.0379169 0.305292 0.348494
138 -0.00055677 1.23961 0.0376692 0.30611 0.348736
139 -0.000414187 1.23936 0.0375094 0.306894 0.349742
140 -0.00041552 1.23911 0.037365 0.307602 0.351186
141 0.00025146 1.23891 0.037278 0.308273 0.352689
142 0.000856094 1.23896 0.0373848 0.309008 0.352999
143 2.10238e-05 1.2391 0.0375205 0.3097 0.351928
144 -0.00151269 1.2393 0.0377082 0.31037 0.350603
145 -0.00199026 1.2395 0.0378778 0.310976 0.34923
146 -0.00222764 1.23966 0.0380309 0.311523 0.348242
147 -0.0023914 1.23978 0.0381693 0.312017 0.347932
148 -0.00161041 1.23983 0.0382942 0.312463 0.349068
149 -0.00116779 1.23983 0.0384071 0.312867 0.350954
150 -0.000439974 1.23984 0.0385091 0.313231 0.352741
151 0.000399578 1.23988 0.0386012 0.31356 0.353449
152 0.000511098 1.24 0.0386844 0.313857 0.352286
153 1.35998e-05 1.24012 0.0387595 0.314126 0.350841
154 -0.000138213 1.24021 0.0388274 0.314368 0.35002
155 -0.000156285 1.24029 0.0388887 0.314587 0.349393
156 -0.000383052 1.24033 0.0389441 0.314785 0.349553
157 -0.000970333 1.24034 0.0389941 0.314963 0.350182
158 -0.00151307 1.24034 0.0390392 0.315125 0.350991
159 -0.00177868 1.24032 0.03908 0.31527 0.35204
160 -0.00113019 1.24033 0.0391168 0.315402 0.352593
161 9.50876e-05 1.24034 0.0391501 0.315521 0.353036
162 0.00140503 1.24036 0.0391801 0.315628 0.353136
163 0.00128163 1.24047 0.0392072 0.315725 0.351247
164 0.000488401 1.24057 0.0392317 0.315812 0.349527
165 -0.000227282 1.24062 0.0392538 0.315891 0.348672
166 -0.000650994 1.24065 0.0392738 0.315963 0.348445
167 -0.000914705 1.24067 0.0392918 0.316027 0.348371
168 -0.000989949 1.24067 0.0393081 0.316085 0.348613
169 -0.000945611 1.24067 0.0393228 0.316138 0.34894
170 -0.000965262 1.24066 0.0393361 0.316185 0.349437
171 -0.000925084 1.24063 0.0393481 0.316228 0.350409
172 -0.00116124 1.24057 0.0393589 0.316267 0.35183
173 -0.000962525 1.24051 0.0393687 0.316302 0.35334
174 4.8394e-05 1.24051 0.0393775 0.316333 0.353604
175 0.000883967 1.24056 0.0393855 0.316362 0.352529
176 0.000438856 1.24065 0.0393927 0.316387 0.35093
177 0.000205888 1.24069 0.0393992 0.316411 0.350023
178 0.000515226 1.2407 0.039405 0.316432 0.349963
179 0.000645115 1.24071 0.0394103 0.31645 0.350053
180 0.000775269 1.24068 0.0394151 0.316468 0.350617
181 0.00105042 1.24064 0.0394194 0.316483 0.351721
182 0.000743502 1.24062 0.0394233 0.316497 0.352186
183 -0.000517513 1.24064 0.0394268 0.316509 0.351784
184 -0.00126442 1.24064 0.03943 0.316521 0.352034
185 -0.00152678 1.24061 0.0394329 0.316531 0.352557
186 -0.000516792 1.24064 0.0394355 0.31654 0.352016
187 0.00081011 1.24065 0.0394378 0.316549 0.351927
188 0.00226852 1.24064 0.0394399 0.316556 0.352106
189 0.00196453 1.24067 0.0394418 0.316563 0.351634
190 0.00111978 1.24072 0.0394435 0.316569 0.350708
191 9.74435e-05 1.24074 0.0394451 0.316575 0.350357
192 -0.0010435 1.24074 0.0394465 0.31658 0.350367
193 -0.00195723 1.24073 0.0394478 0.316584 0.350508
194 -0.00255584 1.24073 0.0394489 0.316588 0.350606
195 -0.00311036 1.2407 0.0394499 0.316592 0.351225
196 -0.00218784 1.24072 0.0394509 0.316595 0.35094
197 -0.00128786 1.24074 0.0394517 0.316598 0.350618
198 -0.000498176 1.24074 0.0394525 0.316601 0.350596
199 -0.00032506 1.24072 0.0394532 0.316604 0.351148
200 -0.000211359 1.24069 0.0394538 0.316606 0.351707
201 -9.80555e-05 1.24064 0.0394544 0.316608 0.352879
202 -0.000185357 1.24061 0.0394549 0.31661 0.353487
203 -0.00126464 1.24066 0.0394553 0.316611 0.352441
204 -0.00180777 1.2407 0.0394557 0.316613 0.351661
205 -0.00153583 1.24076 0.0394561 0.316614 0.350395
206 -0.00056881 1.2408 0.0394564 0.316615 0.349688
207 -0.000183811 1.24079 0.0394567 0.316616 0.349921
208 0.000326235 1.24077 0.039457 0.316617 0.350287
209 0.000527279 1.24074 0.0394573 0.316618 0.350867
210 0.000664288 1.24072 0.0394575 0.316619 0.351448
211 0.000441592 1.24068 0.0394577 0.31662 0.352196
212 0.000159275 1.24067 0.0394579 0.31662 0.352473
213 0.000215385 1.24068 0.0394581 0.316621 0.352216
214 0.000486806 1.24071 0.0394582 0.316622 0.351659
215 0.000351576 1.24073 0.0394583 0.316622 0.351328
216 9.29514e-05 1.24074 0.0394585 0.316623 0.351161
217 -0.000109154 1.24072 0.0394586 0.316623 0.351489
218 -0.000248686 1.24069 0.0394587 0.316623 0.352139
219 0.00022931 1.24064 0.0394588 0.316624 0.353322
220 6.18207e-05 1.24063 0.0394589 0.316624 0.353532
221 -0.000762704 1.24072 0.039459 0.316624 0.351695
222 -0.00106994 1.24079 0.039459 0.316624 0.350181
223 -0.00116302 1.24084 0.0394591 0.316625 0.349186
224 -0.000764835 1.24086 0.0394591 0.316625 0.348747
225 0.000114425 1.24086 0.0394592 0.316625 0.348844
226 0.00080928 1.24083 0.0394592 0.316625 0.349475
227 0.00131985 1.2408 0.0394593 0.316625 0.350223
228 0.00140988 1.24074 0.0394593 0.316626 0.35132
229 0.00101496 1.2407 0.0394594 0.316626 0.352343
230 -0.000184381 1.24069 0.0394594 0.316626 0.352558
231 -0.00111339 1.24069 0.0394594 0.316626 0.352493
232 -0.00140605 1.24072 0.0394595 0.316626 0.351917
233 -0.00228634 1.24072 0.0394595 0.316626 0.351984
234 -0.00196573 1.24074 0.0394595 0.316626 0.351617
235 -0.000670811 1.2408 0.0394595 0.316626 0.350485
236 0.000544252 1.24083 0.0394596 0.316626 0.349853
237 0.00169247 1.24082 0.0394596 0.316627 0.350029
238 0.00272831 1.24081 0.0394596 0.316627 0.350188
239 0.00309004 1.24082 0.0394596 0.316627 0.350066
240 0.00254736 1.24083 0.0394596 0.316627 0.349972
241 0.00186484 1.24084 0.0394597 0.316627 0.349703
242 0.00124913 1.24086 0.0394597 0.316627 0.34946
243 0.000451626 1.24086 0.0394597 0.316627 0.349472
244 -0.000152453 1.24082 0.0394597 0.316627 0.350282
245 -0.00109635 1.24074 0.0394597 0.316627 0.351973
246 -0.00255519 1.24063 0.0394597 0.316627 0.354076
247 -0.000944277 1.24066 0.0394598 0.316627 0.353667
