1 -0.1 1.25189 0.1 0.5556 0.5556
2 -0.102996 1.24889 0.0970004 0.5526 0.5526
3 -0.105996 1.24598 0.0940048 0.549676 0.549657
4 -0.108469 1.24304 0.0910004 0.54683 0.546683
5 -0.111126 1.24007 0.087986 0.543923 0.543701
6 -0.113489 1.2381 0.0851438 0.540971 0.540738
7 -0.11542 1.23588 0.082252 0.538015 0.537764
8 -0.116795 1.23418 0.0794448 0.535033 0.534798
9 -0.117908 1.23216 0.0766032 0.53214 0.531859
10 -0.118691 1.23018 0.0737903 0.52926 0.528906
11 -0.119531 1.22832 0.0710402 0.526412 0.525953
12 -0.119581 1.2264 0.0682544 0.523504 0.522995
13 -0.1198 1.22461 0.065558 0.520565 0.520186
14 -0.119684 1.22313 0.0629692 0.517642 0.517337
15 -0.119536 1.22186 0.0604654 0.514743 0.514468
16 -0.119158 1.22053 0.0579355 0.51186 0.511578
17 -0.118557 1.21967 0.0555582 0.508913 0.508708
18 -0.118526 1.21868 0.0531294 0.505967 0.505826
19 -0.119016 1.21791 0.0507761 0.502998 0.502934
20 -0.119466 1.21651 0.0482059 0.500114 0.500017
21 -0.119206 1.21528 0.0456971 0.497233 0.49708
22 -0.119245 1.21494 0.0437146 0.494344 0.49428
23 -0.118572 1.21414 0.0415016 0.491471 0.491423
24 -0.118114 1.21316 0.0391887 0.488571 0.488547
25 -0.117871 1.21229 0.0369014 0.485588 0.485691
26 -0.118245 1.21192 0.034858 0.482544 0.482836
27 -0.118402 1.21141 0.0327177 0.479457 0.479988
28 -0.118439 1.21121 0.0307846 0.476407 0.477208
29 -0.118169 1.2118 0.0294265 0.473404 0.4745
30 -0.117891 1.21285 0.0284496 0.470426 0.471907
31 -0.117167 1.21426 0.0278044 0.467498 0.469389
32 -0.116743 1.21594 0.0274367 0.464636 0.466944
33 -0.116153 1.21793 0.0274012 0.461833 0.46458
34 -0.115192 1.21961 0.0271494 0.459164 0.462136
35 -0.114099 1.22057 0.0264165 0.45666 0.459579
36 -0.112642 1.22101 0.025322 0.454272 0.456933
37 -0.110999 1.22112 0.0240292 0.451986 0.454285
38 -0.10907 1.22128 0.0227583 0.449749 0.451591
39 -0.106751 1.22184 0.0218316 0.447511 0.449003
40 -0.104291 1.22282 0.0212902 0.445343 0.446486
41 -0.10171 1.22405 0.0210113 0.443241 0.444067
42 -0.0991156 1.22564 0.0210981 0.441188 0.441698
43 -0.0963653 1.22714 0.0210837 0.439142 0.439269
44 -0.0933682 1.22846 0.020897 0.437113 0.436751
45 -0.0902973 1.2296 0.0205477 0.4351 0.434146
46 -0.0870631 1.23052 0.0199929 0.433063 0.431478
47 -0.0836747 1.23131 0.0193099 0.431038 0.428727
48 -0.0802504 1.23181 0.018384 0.429008 0.425934
49 -0.0767437 1.2318 0.0170672 0.426964 0.423066
50 -0.0732592 1.23171 0.0156959 0.424973 0.420179
51 -0.0696827 1.23208 0.0147062 0.422863 0.41743
52 -0.0663529 1.23284 0.014073 0.42071 0.414803
53 -0.0633706 1.23395 0.0137741 0.418483 0.412292
54 -0.0607494 1.23553 0.0138999 0.416125 0.409855
55 -0.0581714 1.23713 0.0141073 0.413825 0.407608
56 -0.0559361 1.23851 0.0141056 0.411491 0.405242
57 -0.0537462 1.23944 0.0136891 0.409105 0.402753
58 -0.0519284 1.24028 0.0131701 0.406699 0.400183
59 -0.0500922 1.24081 0.0123919 0.404266 0.397563
60 -0.0481533 1.24116 0.0114455 0.401857 0.394861
61 -0.0461108 1.24125 0.0102878 0.399477 0.392099
62 -0.0439461 1.2419 0.00965671 0.397132 0.389443
63 -0.0417148 1.24297 0.0094541 0.39485 0.386888
64 -0.0392558 1.2444 0.00958984 0.392558 0.38444
65 -0.0367867 1.24562 0.00956431 0.390378 0.381926
66 -0.0342601 1.24645 0.00920345 0.388274 0.379314
67 -0.0315706 1.24707 0.00865029 0.38619 0.376605
68 -0.0287268 1.24749 0.0079108 0.384075 0.373847
69 -0.0257832 1.24761 0.00691645 0.38197 0.371037
70 -0.023107 1.24814 0.00632845 0.379901 0.368376
71 -0.0204076 1.24908 0.00611166 0.377726 0.365842
72 -0.0176085 1.25025 0.00615147 0.375564 0.363452
73 -0.0148066 1.25137 0.00618965 0.373378 0.361283
74 -0.0118642 1.252 0.00581077 0.371134 0.359163
75 -0.00877589 1.25231 0.00515938 0.368774 0.357126
76 -0.00577717 1.25267 0.00456891 0.366297 0.355279
77 -0.0029755 1.25307 0.00403369 0.363736 0.353606
78 -0.00077941 1.25346 0.00352045 0.361165 0.3521
79 0.00111925 1.25382 0.00302508 0.35862 0.350747
80 0.00276188 1.2539 0.00235051 0.356138 0.349607
81 0.00396759 1.25371 0.00151802 0.353836 0.34866
82 0.00499802 1.25327 0.00054836 0.351771 0.347884
83 0.00579512 1.25286 -0.000343704 0.349869 0.347187
84 0.00641382 1.25247 -0.00118334 0.348103 0.346568
85 0.00697413 1.2521 -0.00194372 0.346503 0.346007
86 0.0075158 1.25178 -0.0026258 0.345069 0.345502
87 0.00803959 1.25167 -0.00306874 0.343799 0.34511
88 0.00853168 1.25197 -0.00307901 0.342656 0.344912
89 0.00894756 1.25244 -0.0029083 0.341634 0.344802
90 0.00931728 1.25289 -0.0027285 0.340712 0.344713
91 0.0096523 1.25328 -0.00257471 0.339877 0.344648
92 0.00996751 1.25357 -0.00248453 0.339154 0.344609
93 0.0102247 1.25361 -0.00257631 0.338534 0.344639
94 0.0105113 1.25337 -0.00287792 0.337996 0.344751
95 0.0107708 1.25307 -0.00322759 0.337509 0.344882
96 0.0109841 1.25279 -0.00354352 0.3371 0.345
97 0.0111771 1.25258 -0.00378985 0.33673 0.345123
98 0.0112953 1.25238 -0.00401276 0.336419 0.345234
99 0.0112259 1.25224 -0.0041595 0.336215 0.345355
100 0.0111961 1.25235 -0.00407207 0.336052 0.34555
101 0.0111322 1.25254 -0.00390834 0.335921 0.345758
102 0.0110744 1.2527 -0.00376021 0.335802 0.345947
103 0.011137 1.25284 -0.0036262 0.335745 0.346118
104 0.0111416 1.25294 -0.0035165 0.335762 0.346277
105 0.0110924 1.25303 -0.00341726 0.335801 0.346421
106 0.0111024 1.25304 -0.00337823 0.33586 0.346571
107 0.011038 1.25302 -0.00335199 0.336026 0.34671
108 0.010891 1.25296 -0.0033424 0.336262 0.346841
109 0.0106985 1.25291 -0.00333373 0.336501 0.34696
110 0.0104681 1.25286 -0.00332589 0.336741 0.347067
111 0.010316 1.2528 -0.0033188 0.336983 0.347165
112 0.010068 1.25275 -0.00331239 0.337258 0.347252
113 0.00984361 1.25269 -0.00331218 0.337506 0.347334
114 0.00961751 1.25263 -0.00331199 0.33774 0.347408
115 0.00936436 1.25257 -0.00331081 0.337983 0.347475
116 0.00900272 1.25251 -0.00330974 0.338292 0.347535
117 0.00873494 1.25244 -0.00330877 0.338597 0.34759
118 0.00843925 1.2524 -0.00329143 0.338896 0.347646
119 0.00823204 1.25236 -0.00326113 0.339238 0.347702
120 0.00804473 1.25234 -0.00321494 0.339548 0.34776
121 0.00792967 1.25232 -0.00317319 0.339851 0.347813
122 0.0079211 1.25229 -0.00313545 0.340166 0.34786
123 0.00781312 1.25226 -0.00310134 0.340494 0.347903
124 0.00767689 1.25223 -0.0030705 0.340808 0.347942
125 0.00750872 1.25223 -0.00300721 0.341111 0.347991
126 0.0074593 1.25223 -0.00294435 0.341429 0.348037
127 0.00748126 1.25223 -0.00288754 0.341745 0.348079
128 0.00755309 1.25223 -0.0028244 0.342054 0.348121
129 0.00768182 1.25223 -0.00276734 0.34236 0.348159
130 0.0077414 1.25233 -0.00261441 0.342661 0.348233
131 0.00779523 1.25242 -0.00247621 0.342934 0.348299
132 0.00784388 1.2525 -0.00235132 0.34318 0.348359
133 0.00793657 1.25257 -0.00223847 0.343424 0.348414
